type;trans_id;local_time;order_num;order_start_time;order_stop_time;delta_time;Stock;date
send_order;123621;123621;30977818127;436935.687;436935.673;0.013999999966472;FR;20220412
kill_order;123621;123621;30977818127;436935.756;436935.696;0.059999999997672;FR;20220412
send_order;123622;123622;30977818188;436936.012;436935.978;0.033999999985099;FR;20220412
kill_order;123622;123622;30977818188;436936.061;436936.016;0.044999999983702;FR;20220412
send_order;123622;123622;30977818398;436936.316;436936.282;0.033999999985099;FR;20220412
kill_order;123622;123622;30977818398;436936.382;436936.322;0.059999999997672;FR;20220412
send_order;123622;123622;30977818641;436936.622;436936.588;0.033999999985099;FR;20220412
kill_order;123622;123622;30977818641;436936.692;436936.627;0.065000000002328;FR;20220412
send_order;123623;123623;30977819179;436936.931;436936.897;0.033999999985099;FR;20220412
kill_order;123623;123623;30977819179;436937.012;436936.934;0.077999999979511;FR;20220412
send_order;123623;123623;30977819628;436937.252;436937.203;0.048999999999069;FR;20220412
kill_order;123623;123623;30977819628;436937.318;436937.257;0.061000000045169;FR;20220412
send_order;123623;123623;30977820186;436937.571;436937.508;0.063000000023749;FR;20220412
kill_order;123623;123623;30977820186;436937.636;436937.574;0.061999999976251;FR;20220412
send_order;123623;123623;30977820589;436937.829;436937.811;0.018000000040047;FR;20220412
kill_order;123623;123624;30977820589;436937.879;436937.832;0.047000000020489;FR;20220412
send_order;123624;123624;30977821020;436938.155;436938.116;0.039000000047963;FR;20220412
kill_order;123624;123624;30977821020;436938.189;436938.158;0.031000000017229;FR;20220412
send_order;123624;123624;30977821606;436938.438;436938.426;0.0120000000461;FR;20220412
kill_order;123624;123624;30977821606;436938.454;436938.441;0.01300000003539;FR;20220412
send_order;123624;123624;30977822068;436938.762;436938.728;0.033999999985099;FR;20220412
kill_order;123624;123624;30977822068;436938.796;436938.765;0.030999999959022;FR;20220412
send_order;123625;123625;30977822481;436939.046;436939.033;0.012999999977183;FR;20220412
kill_order;123625;123625;30977822481;436939.063;436939.049;0.01400000002468;FR;20220412
send_order;123625;123625;30977822937;436939.369;436939.335;0.033999999985099;FR;20220412
kill_order;123625;123625;30977822937;436939.419;436939.372;0.047000000020489;FR;20220412
send_order;123625;123625;30977823361;436939.709;436939.643;0.065999999991618;FR;20220412
kill_order;123625;123625;30977823361;436939.759;436939.713;0.046000000031199;FR;20220412
send_order;123626;123626;30977823823;436939.983;436939.95;0.032999999995809;FR;20220412
kill_order;123626;123626;30977823823;436940.063;436939.987;0.076000000000931;FR;20220412
send_order;123626;123626;30977824221;436940.268;436940.254;0.013999999966472;FR;20220412
kill_order;123626;123626;30977824221;436940.338;436940.27;0.067999999970198;FR;20220412
send_order;123626;123626;30977824498;436940.575;436940.56;0.01500000001397;FR;20220412
kill_order;123626;123626;30977824498;436940.613;436940.579;0.033999999985099;FR;20220412
send_order;123627;123627;30977824953;436940.957;436940.876;0.081000000005588;FR;20220412
kill_order;123627;123627;30977824953;436941.022;436940.961;0.060999999986961;FR;20220412
send_order;123627;123627;30977825402;436941.215;436941.182;0.033000000054017;FR;20220412
kill_order;123627;123627;30977825402;436941.254;436941.219;0.035000000032596;FR;20220412
send_order;123627;123627;30977825815;436941.525;436941.491;0.034000000043306;FR;20220412
kill_order;123627;123627;30977825815;436941.579;436941.529;0.050000000046566;FR;20220412
send_order;123627;123627;30977826294;436941.835;436941.801;0.034000000043306;FR;20220412
kill_order;123627;123627;30977826294;436941.9;436941.839;0.061000000045169;FR;20220412
send_order;123628;123628;30977826742;436942.141;436942.107;0.033999999985099;FR;20220412
kill_order;123628;123628;30977826742;436942.206;436942.144;0.062000000034459;FR;20220412
send_order;123628;123628;30977827246;436942.424;436942.412;0.011999999987893;FR;20220412
kill_order;123628;123628;30977827246;436942.451;436942.427;0.023999999975786;FR;20220412
send_order;123628;123628;30977827679;436942.769;436942.72;0.048999999999069;FR;20220412
kill_order;123628;123628;30977827679;436942.835;436942.773;0.062000000034459;FR;20220412
send_order;123629;123629;30977828140;436943.059;436943.026;0.032999999995809;FR;20220412
kill_order;123629;123629;30977828140;436943.074;436943.062;0.0120000000461;FR;20220412
send_order;123629;123629;30977828662;436943.343;436943.33;0.012999999977183;FR;20220412
kill_order;123629;123629;30977828662;436943.37;436943.347;0.022999999986496;FR;20220412
send_order;123629;123629;30977828894;436943.653;436943.638;0.01500000001397;FR;20220412
kill_order;123629;123629;30977828894;436943.712;436943.656;0.055999999982305;FR;20220412
send_order;123630;123630;30977829036;436944.03;436943.948;0.082000000053085;FR;20220412
kill_order;123630;123630;30977829036;436944.066;436944.034;0.032000000006519;FR;20220412
send_order;123630;123630;30977829278;436944.29;436944.257;0.032999999995809;FR;20220412
kill_order;123630;123630;30977829278;436944.34;436944.294;0.046000000031199;FR;20220412
send_order;123630;123630;30977829465;436944.586;436944.561;0.025000000023283;FR;20220412
kill_order;123630;123630;30977829465;436944.62;436944.589;0.031000000017229;FR;20220412
send_order;123631;123631;30977829710;436944.887;436944.874;0.012999999977183;FR;20220412
kill_order;123631;123631;30977829710;436944.913;436944.89;0.022999999986496;FR;20220412
send_order;123631;123631;30977829836;436945.219;436945.181;0.038000000000466;FR;20220412
kill_order;123631;123631;30977829836;436945.277;436945.223;0.054000000003725;FR;20220412
send_order;123631;123631;30977830019;436945.503;436945.486;0.017000000050757;FR;20220412
kill_order;123631;123631;30977830019;436945.569;436945.506;0.063000000023749;FR;20220412
send_order;123631;123631;30977830203;436945.825;436945.791;0.033999999985099;FR;20220412
kill_order;123631;123631;30977830203;436945.906;436945.829;0.076999999990221;FR;20220412
send_order;123632;123632;30977830315;436946.115;436946.096;0.018999999971129;FR;20220412
kill_order;123632;123632;30977830315;436946.165;436946.119;0.045999999972992;FR;20220412
send_order;123632;123632;30977830498;436946.436;436946.402;0.033999999985099;FR;20220412
kill_order;123632;123632;30977830498;436946.47;436946.439;0.030999999959022;FR;20220412
send_order;123632;123632;30977830597;436946.724;436946.707;0.016999999992549;FR;20220412
kill_order;123632;123632;30977830597;436946.76;436946.727;0.032999999995809;FR;20220412
send_order;123633;123633;30977830738;436947.046;436947.012;0.033999999985099;FR;20220412
kill_order;123633;123633;30977830738;436947.095;436947.05;0.044999999983702;FR;20220412
send_order;123633;123633;30977830870;436947.351;436947.318;0.032999999995809;FR;20220412
kill_order;123633;123633;30977830870;436947.416;436947.355;0.061000000045169;FR;20220412
send_order;123633;123633;30977831078;436947.655;436947.621;0.034000000043306;FR;20220412
kill_order;123633;123633;30977831078;436947.72;436947.658;0.061999999976251;FR;20220412
send_order;123634;123634;30977831204;436947.939;436947.926;0.01300000003539;FR;20220412
kill_order;123634;123634;30977831204;436947.979;436947.942;0.037000000011176;FR;20220412
send_order;123634;123634;30977831416;436948.266;436948.232;0.033999999985099;FR;20220412
kill_order;123634;123634;30977831416;436948.316;436948.269;0.047000000020489;FR;20220412
send_order;123634;123634;30977831654;436948.572;436948.537;0.034999999974389;FR;20220412
kill_order;123634;123634;30977831654;436948.621;436948.575;0.045999999972992;FR;20220412
send_order;123634;123634;30977831797;436948.865;436948.846;0.018999999971129;FR;20220412
kill_order;123634;123635;30977831797;436948.899;436948.868;0.030999999959022;FR;20220412
send_order;123635;123635;30977831905;436949.192;436949.153;0.038999999989755;FR;20220412
kill_order;123635;123635;30977831905;436949.23;436949.195;0.034999999974389;FR;20220412
send_order;123635;123635;30977832179;436949.482;436949.467;0.01500000001397;FR;20220412
kill_order;123635;123635;30977832179;436949.52;436949.485;0.035000000032596;FR;20220412
send_order;123635;123635;30977832673;436949.807;436949.773;0.033999999985099;FR;20220412
kill_order;123635;123635;30977832673;436949.857;436949.81;0.047000000020489;FR;20220412
send_order;123636;123636;30977832732;436950.091;436950.078;0.01300000003539;FR;20220412
kill_order;123636;123636;30977832732;436950.131;436950.094;0.037000000011176;FR;20220412
send_order;123636;123636;30977833091;436950.465;436950.384;0.081000000005588;FR;20220412
kill_order;123636;123636;30977833091;436950.499;436950.468;0.031000000017229;FR;20220412
send_order;123636;123636;30977833233;436950.702;436950.689;0.012999999977183;FR;20220412
kill_order;123636;123636;30977833233;436950.726;436950.705;0.021000000007916;FR;20220412
send_order;123636;123637;30977833352;436951.03;436950.996;0.034000000043306;FR;20220412
kill_order;123636;123637;30977833352;436951.066;436951.033;0.032999999995809;FR;20220412
send_order;123636;123637;30977833629;436951.338;436951.304;0.033999999985099;FR;20220412
kill_order;123636;123637;30977833629;436951.372;436951.341;0.030999999959022;FR;20220412
send_order;123636;123637;30977833841;436951.656;436951.609;0.047000000020489;FR;20220412
kill_order;123636;123637;30977833841;436951.715;436951.66;0.055000000051223;FR;20220412
send_order;123637;123638;30977833941;436951.956;436951.922;0.033999999985099;FR;20220412
kill_order;123637;123638;30977833941;436952.005;436951.96;0.044999999983702;FR;20220412
send_order;123637;123638;30977834088;436952.261;436952.227;0.033999999985099;FR;20220412
kill_order;123637;123638;30977834088;436952.299;436952.264;0.034999999974389;FR;20220412
send_order;123637;123638;30977834289;436952.578;436952.537;0.040999999968335;FR;20220412
kill_order;123637;123638;30977834289;436952.658;436952.581;0.076999999990221;FR;20220412
send_order;123637;123638;30977834482;436952.922;436952.841;0.081000000005588;FR;20220412
kill_order;123637;123639;30977834482;436952.986;436952.926;0.059999999997672;FR;20220412
send_order;123638;123639;30977834671;436953.184;436953.15;0.033999999985099;FR;20220412
kill_order;123638;123639;30977834671;436953.217;436953.187;0.03000000002794;FR;20220412
send_order;123638;123639;30977835045;436953.489;436953.455;0.033999999985099;FR;20220412
kill_order;123638;123639;30977835045;436953.539;436953.493;0.045999999972992;FR;20220412
send_order;123638;123639;30977835575;436953.794;436953.76;0.033999999985099;FR;20220412
kill_order;123638;123639;30977835575;436953.827;436953.798;0.028999999980442;FR;20220412
send_order;123639;123640;30977836047;436954.085;436954.065;0.020000000018626;FR;20220412
kill_order;123639;123640;30977836047;436954.118;436954.088;0.03000000002794;FR;20220412
send_order;123639;123640;30977836474;436954.406;436954.372;0.034000000043306;FR;20220412
kill_order;123639;123640;30977836474;436954.471;436954.409;0.062000000034459;FR;20220412
send_order;123639;123640;30977836703;436954.715;436954.677;0.038000000000466;FR;20220412
kill_order;123639;123640;30977836703;436954.754;436954.718;0.036000000021886;FR;20220412
send_order;123640;123641;30977836812;436955.025;436954.991;0.034000000043306;FR;20220412
kill_order;123640;123641;30977836812;436955.076;436955.029;0.047000000020489;FR;20220412
send_order;123640;123641;30977836920;436955.313;436955.297;0.01600000000326;FR;20220412
kill_order;123640;123641;30977836920;436955.365;436955.316;0.048999999999069;FR;20220412
send_order;123640;123641;30977837094;436955.636;436955.603;0.032999999995809;FR;20220412
kill_order;123640;123641;30977837094;436955.683;436955.639;0.043999999994412;FR;20220412
send_order;123641;123642;30977837227;436955.951;436955.917;0.033999999985099;FR;20220412
kill_order;123641;123642;30977837227;436955.985;436955.954;0.030999999959022;FR;20220412
send_order;123641;123642;30977837440;436956.241;436956.222;0.018999999971129;FR;20220412
kill_order;123641;123642;30977837440;436956.306;436956.244;0.061999999976251;FR;20220412
send_order;123641;123642;30977837633;436956.561;436956.528;0.032999999995809;FR;20220412
kill_order;123641;123642;30977837633;436956.595;436956.566;0.028999999980442;FR;20220412
send_order;123641;123642;30977837746;436956.847;436956.832;0.01500000001397;FR;20220412
kill_order;123641;123642;30977837746;436956.932;436956.85;0.081999999994878;FR;20220412
send_order;123642;123643;30977837963;436957.156;436957.138;0.018000000040047;FR;20220412
kill_order;123642;123643;30977837963;436957.238;436957.16;0.078000000037719;FR;20220412
send_order;123642;123643;30977838074;436957.476;436957.443;0.032999999995809;FR;20220412
kill_order;123642;123643;30977838074;436957.558;436957.48;0.078000000037719;FR;20220412
send_order;123642;123643;30977838313;436957.781;436957.748;0.032999999995809;FR;20220412
kill_order;123642;123643;30977838313;436957.862;436957.784;0.078000000037719;FR;20220412
send_order;123643;123644;30977838420;436958.085;436958.052;0.032999999995809;FR;20220412
kill_order;123643;123644;30977838420;436958.119;436958.088;0.031000000017229;FR;20220412
send_order;123643;123644;30977838520;436958.382;436958.358;0.023999999975786;FR;20220412
kill_order;123643;123644;30977838520;436958.432;436958.386;0.045999999972992;FR;20220412
send_order;123643;123644;30977838732;436958.708;436958.669;0.038999999989755;FR;20220412
kill_order;123643;123644;30977838732;436958.773;436958.711;0.061999999976251;FR;20220412
send_order;123644;123645;30977838851;436959.018;436958.98;0.038000000000466;FR;20220412
kill_order;123644;123645;30977838851;436959.067;436959.021;0.045999999972992;FR;20220412
send_order;123644;123645;30977838929;436959.324;436959.291;0.032999999995809;FR;20220412
kill_order;123644;123645;30977838929;436959.374;436959.328;0.046000000031199;FR;20220412
send_order;123644;123645;30977839614;436959.608;436959.596;0.011999999987893;FR;20220412
kill_order;123644;123645;30977839614;436959.648;436959.611;0.037000000011176;FR;20220412
send_order;123645;123646;30977840092;436959.939;436959.901;0.038000000000466;FR;20220412
kill_order;123645;123646;30977840092;436959.989;436959.943;0.045999999972992;FR;20220412
send_order;123645;123646;30977840503;436960.244;436960.211;0.032999999995809;FR;20220412
kill_order;123645;123646;30977840503;436960.278;436960.248;0.029999999969732;FR;20220412
send_order;123645;123646;30977840898;436960.532;436960.516;0.01600000000326;FR;20220412
kill_order;123645;123646;30977840898;436960.57;436960.535;0.035000000032596;FR;20220412
send_order;123645;123646;30977841418;436960.857;436960.823;0.034000000043306;FR;20220412
kill_order;123645;123646;30977841418;436960.871;436960.861;0.010000000009313;FR;20220412
send_order;123646;123647;30977841857;436961.178;436961.128;0.049999999988358;FR;20220412
kill_order;123646;123647;30977841857;436961.244;436961.182;0.062000000034459;FR;20220412
send_order;123646;123647;30977842197;436961.468;436961.434;0.033999999985099;FR;20220412
kill_order;123646;123647;30977842197;436961.502;436961.471;0.030999999959022;FR;20220412
send_order;123646;123647;30977842776;436961.773;436961.739;0.033999999985099;FR;20220412
kill_order;123646;123647;30977842776;436961.822;436961.777;0.044999999983702;FR;20220412
send_order;123647;123648;30977843185;436962.078;436962.044;0.033999999985099;FR;20220412
kill_order;123647;123648;30977843185;436962.092;436962.081;0.010999999998603;FR;20220412
send_order;123647;123648;30977843666;436962.383;436962.349;0.033999999985099;FR;20220412
kill_order;123647;123648;30977843666;436962.448;436962.386;0.061999999976251;FR;20220412
send_order;123647;123648;30977844023;436962.753;436962.657;0.096000000019558;FR;20220412
kill_order;123647;123648;30977844023;436962.772;436962.758;0.01400000002468;FR;20220412
send_order;123648;123649;30977844766;436962.996;436962.963;0.032999999995809;FR;20220412
kill_order;123648;123649;30977844766;436963.03;436963.0;0.03000000002794;FR;20220412
send_order;123648;123649;30977845366;436963.317;436963.268;0.048999999999069;FR;20220412
kill_order;123648;123649;30977845366;436963.383;436963.321;0.061999999976251;FR;20220412
send_order;123648;123649;30977845806;436963.608;436963.574;0.033999999985099;FR;20220412
kill_order;123648;123649;30977845806;436963.627;436963.612;0.014999999955762;FR;20220412
send_order;123648;123649;30977846316;436963.892;436963.879;0.012999999977183;FR;20220412
kill_order;123648;123649;30977846316;436963.931;436963.895;0.035999999963678;FR;20220412
send_order;123649;123650;30977847013;436964.218;436964.184;0.033999999985099;FR;20220412
kill_order;123649;123650;30977847013;436964.252;436964.221;0.030999999959022;FR;20220412
send_order;123649;123650;30977847388;436964.523;436964.489;0.033999999985099;FR;20220412
kill_order;123649;123650;30977847388;436964.572;436964.526;0.045999999972992;FR;20220412
send_order;123649;123650;30977847589;436964.878;436964.796;0.082000000053085;FR;20220412
kill_order;123649;123650;30977847589;436964.946;436964.882;0.064000000013039;FR;20220412
send_order;123650;123651;30977847836;436965.139;436965.105;0.034000000043306;FR;20220412
kill_order;123650;123651;30977847836;436965.188;436965.143;0.04500000004191;FR;20220412
send_order;123650;123651;30977848037;436965.444;436965.411;0.032999999995809;FR;20220412
kill_order;123650;123651;30977848037;436965.509;436965.448;0.061000000045169;FR;20220412
send_order;123650;123651;30977848408;436965.75;436965.716;0.033999999985099;FR;20220412
kill_order;123650;123651;30977848408;436965.763;436965.753;0.0099999999511056;FR;20220412
send_order;123651;123652;30977848476;436966.071;436966.021;0.049999999988358;FR;20220412
kill_order;123651;123652;30977848476;436966.09;436966.074;0.01600000000326;FR;20220412
send_order;123651;123652;30977848616;436966.377;436966.327;0.049999999988358;FR;20220412
kill_order;123651;123652;30977848616;436966.443;436966.382;0.061000000045169;FR;20220412
send_order;123651;123652;30977848831;436966.697;436966.633;0.064000000013039;FR;20220412
kill_order;123651;123652;30977848831;436966.716;436966.7;0.01600000000326;FR;20220412
send_order;123652;123653;30977848902;436966.954;436966.937;0.017000000050757;FR;20220412
kill_order;123652;123653;30977848902;436966.967;436966.958;0.0090000000200234;FR;20220412
send_order;123652;123653;30977849010;436967.32;436967.24;0.080000000016298;FR;20220412
kill_order;123652;123653;30977849010;436967.355;436967.325;0.029999999969732;FR;20220412
send_order;123652;123653;30977849125;436967.626;436967.545;0.081000000005588;FR;20220412
kill_order;123652;123653;30977849125;436967.644;436967.631;0.012999999977183;FR;20220412
send_order;123652;123653;30977849464;436967.885;436967.851;0.033999999985099;FR;20220412
kill_order;123652;123653;30977849464;436967.919;436967.888;0.031000000017229;FR;20220412
send_order;123653;123654;30977849976;436968.171;436968.157;0.013999999966472;FR;20220412
kill_order;123653;123654;30977849976;436968.192;436968.174;0.017999999981839;FR;20220412
send_order;123653;123654;30977850300;436968.501;436968.462;0.038999999989755;FR;20220412
kill_order;123653;123654;30977850300;436968.567;436968.505;0.061999999976251;FR;20220412
send_order;123653;123654;30977850488;436968.81;436968.775;0.034999999974389;FR;20220412
kill_order;123653;123654;30977850488;436968.843;436968.813;0.029999999969732;FR;20220412
send_order;123654;123655;30977850561;436969.095;436969.081;0.013999999966472;FR;20220412
kill_order;123654;123655;30977850561;436969.149;436969.098;0.050999999977648;FR;20220412
send_order;123654;123655;30977850704;436969.419;436969.386;0.032999999995809;FR;20220412
kill_order;123654;123655;30977850704;436969.453;436969.423;0.029999999969732;FR;20220412
send_order;123654;123655;30977850868;436969.774;436969.691;0.082999999984168;FR;20220412
kill_order;123654;123655;30977850868;436969.795;436969.778;0.016999999992549;FR;20220412
send_order;123655;123656;30977851036;436970.032;436969.993;0.038999999989755;FR;20220412
kill_order;123655;123656;30977851036;436970.069;436970.035;0.034000000043306;FR;20220412
send_order;123655;123656;30977851173;436970.344;436970.306;0.038000000000466;FR;20220412
kill_order;123655;123656;30977851173;436970.362;436970.347;0.01500000001397;FR;20220412
send_order;123655;123656;30977851278;436970.655;436970.618;0.037000000011176;FR;20220412
kill_order;123655;123656;30977851278;436970.721;436970.658;0.063000000023749;FR;20220412
send_order;123656;123657;30977851486;436970.966;436970.927;0.038999999989755;FR;20220412
kill_order;123656;123657;30977851486;436971.0;436970.969;0.031000000017229;FR;20220412
send_order;123656;123657;30977851683;436971.286;436971.237;0.048999999999069;FR;20220412
kill_order;123656;123657;30977851683;436971.35;436971.29;0.059999999997672;FR;20220412
send_order;123656;123657;30977851787;436971.575;436971.541;0.033999999985099;FR;20220412
kill_order;123656;123657;30977851787;436971.609;436971.578;0.031000000017229;FR;20220412
send_order;123656;123657;30977851957;436971.877;436971.842;0.034999999974389;FR;20220412
kill_order;123656;123657;30977851957;436971.975;436971.881;0.093999999982771;FR;20220412
send_order;123657;123658;30977852068;436972.184;436972.15;0.033999999985099;FR;20220412
kill_order;123657;123658;30977852068;436972.223;436972.187;0.036000000021886;FR;20220412
send_order;123657;123658;30977852375;436972.493;436972.46;0.032999999995809;FR;20220412
kill_order;123657;123658;30977852375;436972.542;436972.496;0.046000000031199;FR;20220412
send_order;123657;123658;30977852708;436972.798;436972.764;0.033999999985099;FR;20220412
kill_order;123657;123658;30977852708;436972.863;436972.801;0.062000000034459;FR;20220412
send_order;123658;123659;30977853086;436973.105;436973.067;0.038000000000466;FR;20220412
kill_order;123658;123659;30977853086;436973.139;436973.109;0.03000000002794;FR;20220412
send_order;123658;123659;30977853514;436973.426;436973.376;0.049999999988358;FR;20220412
kill_order;123658;123659;30977853514;436973.492;436973.431;0.061000000045169;FR;20220412
send_order;123658;123659;30977853783;436973.716;436973.683;0.032999999995809;FR;20220412
kill_order;123658;123659;30977853783;436973.75;436973.72;0.03000000002794;FR;20220412
send_order;123659;123700;30977853869;436974.068;436973.988;0.080000000016298;FR;20220412
kill_order;123659;123700;30977853869;436974.133;436974.072;0.060999999986961;FR;20220412
send_order;123659;123700;30977854022;436974.327;436974.293;0.033999999985099;FR;20220412
kill_order;123659;123700;30977854022;436974.344;436974.331;0.012999999977183;FR;20220412
send_order;123659;123700;30977854115;436974.632;436974.598;0.033999999985099;FR;20220412
kill_order;123659;123700;30977854115;436974.698;436974.636;0.061999999976251;FR;20220412
send_order;123659;123700;30977854327;436974.938;436974.904;0.034000000043306;FR;20220412
kill_order;123659;123701;30977854327;436975.003;436974.941;0.062000000034459;FR;20220412
send_order;123700;123701;30977854496;436975.243;436975.209;0.034000000043306;FR;20220412
kill_order;123700;123701;30977854496;436975.277;436975.247;0.03000000002794;FR;20220412
send_order;123700;123701;30977854634;436975.548;436975.514;0.033999999985099;FR;20220412
kill_order;123700;123701;30977854634;436975.565;436975.552;0.012999999977183;FR;20220412
send_order;123700;123701;30977854831;436975.858;436975.82;0.038000000000466;FR;20220412
kill_order;123700;123701;30977854831;436975.892;436975.862;0.029999999969732;FR;20220412
send_order;123701;123702;30977854929;436976.143;436976.131;0.011999999987893;FR;20220412
kill_order;123701;123702;30977854929;436976.164;436976.146;0.017999999981839;FR;20220412
send_order;123701;123702;30977855032;436976.471;436976.433;0.038000000000466;FR;20220412
kill_order;123701;123702;30977855032;436976.488;436976.474;0.01400000002468;FR;20220412
send_order;123701;123702;30977855189;436976.776;436976.742;0.033999999985099;FR;20220412
kill_order;123701;123702;30977855189;436976.815;436976.779;0.036000000021886;FR;20220412
send_order;123702;123703;30977855333;436977.064;436977.052;0.011999999987893;FR;20220412
kill_order;123702;123703;30977855333;436977.146;436977.067;0.079000000027008;FR;20220412
send_order;123702;123703;30977855491;436977.401;436977.367;0.033999999985099;FR;20220412
kill_order;123702;123703;30977855491;436977.439;436977.405;0.033999999985099;FR;20220412
send_order;123702;123703;30977855670;436977.71;436977.677;0.032999999995809;FR;20220412
kill_order;123702;123703;30977855670;436977.744;436977.714;0.03000000002794;FR;20220412
send_order;123703;123704;30977855831;436978.015;436977.982;0.032999999995809;FR;20220412
kill_order;123703;123704;30977855831;436978.065;436978.018;0.047000000020489;FR;20220412
send_order;123703;123704;30977855972;436978.299;436978.286;0.012999999977183;FR;20220412
kill_order;123703;123704;30977855972;436978.338;436978.302;0.035999999963678;FR;20220412
send_order;123703;123704;30977856085;436978.625;436978.591;0.033999999985099;FR;20220412
kill_order;123703;123704;30977856085;436978.706;436978.63;0.076000000000931;FR;20220412
send_order;123703;123704;30977856273;436978.909;436978.895;0.013999999966472;FR;20220412
kill_order;123703;123704;30977856273;436978.964;436978.912;0.051999999966938;FR;20220412
send_order;123704;123705;30977856430;436979.239;436979.201;0.038000000000466;FR;20220412
kill_order;123704;123705;30977856430;436979.273;436979.243;0.029999999969732;FR;20220412
send_order;123704;123705;30977856544;436979.549;436979.511;0.038000000000466;FR;20220412
kill_order;123704;123705;30977856544;436979.614;436979.552;0.061999999976251;FR;20220412
send_order;123704;123705;30977856779;436979.855;436979.82;0.034999999974389;FR;20220412
kill_order;123704;123705;30977856779;436979.889;436979.859;0.03000000002794;FR;20220412
send_order;123705;123706;30977856866;436980.206;436980.125;0.081000000005588;FR;20220412
kill_order;123705;123706;30977856866;436980.271;436980.21;0.060999999986961;FR;20220412
send_order;123706;123706;30977856953;436980.465;436980.431;0.034000000043306;FR;20220412
kill_order;123706;123706;30977856953;436980.515;436980.469;0.046000000031199;FR;20220412
send_order;123706;123706;30977857187;436980.77;436980.737;0.032999999995809;FR;20220412
kill_order;123706;123706;30977857187;436980.836;436980.774;0.062000000034459;FR;20220412
send_order;123706;123707;30977857304;436981.076;436981.042;0.033999999985099;FR;20220412
kill_order;123706;123707;30977857304;436981.116;436981.079;0.036999999952968;FR;20220412
send_order;123706;123707;30977857400;436981.388;436981.354;0.033999999985099;FR;20220412
kill_order;123706;123707;30977857400;436981.421;436981.391;0.029999999969732;FR;20220412
send_order;123706;123707;30977857559;436981.679;436981.658;0.021000000007916;FR;20220412
kill_order;123706;123707;30977857559;436981.736;436981.683;0.052999999956228;FR;20220412
send_order;123707;123708;30977857740;436982.004;436981.97;0.034000000043306;FR;20220412
kill_order;123707;123708;30977857740;436982.054;436982.008;0.046000000031199;FR;20220412
send_order;123707;123708;30977857962;436982.309;436982.275;0.033999999985099;FR;20220412
kill_order;123707;123708;30977857962;436982.343;436982.313;0.029999999969732;FR;20220412
send_order;123707;123708;30977858159;436982.623;436982.581;0.042000000015832;FR;20220412
kill_order;123707;123708;30977858159;436982.659;436982.627;0.032000000006519;FR;20220412
send_order;123707;123708;30977858409;436982.912;436982.897;0.01500000001397;FR;20220412
kill_order;123707;123708;30977858409;436982.95;436982.915;0.035000000032596;FR;20220412
send_order;123708;123709;30977858493;436983.237;436983.203;0.034000000043306;FR;20220412
kill_order;123708;123709;30977858493;436983.303;436983.241;0.062000000034459;FR;20220412
send_order;123708;123709;30977858786;436983.542;436983.509;0.032999999995809;FR;20220412
kill_order;123708;123709;30977858786;436983.576;436983.546;0.03000000002794;FR;20220412
send_order;123708;123709;30977859097;436983.829;436983.814;0.01500000001397;FR;20220412
kill_order;123708;123709;30977859097;436983.841;436983.832;0.0090000000200234;FR;20220412
send_order;123709;123710;30977859343;436984.182;436984.117;0.064999999944121;FR;20220412
kill_order;123709;123710;30977859343;436984.216;436984.186;0.03000000002794;FR;20220412
send_order;123709;123710;30977859792;436984.455;436984.422;0.032999999995809;FR;20220412
kill_order;123709;123710;30977859792;436984.47;436984.459;0.010999999998603;FR;20220412
send_order;123709;123710;30977859945;436984.76;436984.726;0.033999999985099;FR;20220412
kill_order;123709;123710;30977859945;436984.794;436984.764;0.029999999969732;FR;20220412
send_order;123710;123711;30977860363;436985.048;436985.031;0.016999999992549;FR;20220412
kill_order;123710;123711;30977860363;436985.064;436985.052;0.011999999987893;FR;20220412
send_order;123710;123711;30977860643;436985.372;436985.338;0.033999999985099;FR;20220412
kill_order;123710;123711;30977860643;436985.437;436985.376;0.060999999986961;FR;20220412
send_order;123710;123711;30977860839;436985.677;436985.643;0.034000000043306;FR;20220412
kill_order;123710;123711;30977860839;436985.742;436985.68;0.062000000034459;FR;20220412
send_order;123711;123712;30977861003;436985.982;436985.948;0.034000000043306;FR;20220412
kill_order;123711;123712;30977861003;436986.047;436985.986;0.061000000045169;FR;20220412
send_order;123711;123712;30977861096;436986.303;436986.253;0.049999999988358;FR;20220412
kill_order;123711;123712;30977861096;436986.368;436986.306;0.062000000034459;FR;20220412
send_order;123711;123712;30977861265;436986.592;436986.558;0.033999999985099;FR;20220412
kill_order;123711;123712;30977861265;436986.626;436986.595;0.031000000017229;FR;20220412
send_order;123711;123712;30977861447;436986.903;436986.864;0.038999999989755;FR;20220412
kill_order;123711;123712;30977861447;436986.937;436986.907;0.029999999969732;FR;20220412
send_order;123712;123713;30977861641;436987.256;436987.175;0.081000000005588;FR;20220412
kill_order;123712;123713;30977861641;436987.321;436987.26;0.060999999986961;FR;20220412
send_order;123712;123713;30977861769;436987.518;436987.481;0.036999999952968;FR;20220412
kill_order;123712;123713;30977861769;436987.536;436987.522;0.01400000002468;FR;20220412
send_order;123712;123713;30977861989;436987.823;436987.789;0.033999999985099;FR;20220412
kill_order;123712;123713;30977861989;436987.888;436987.826;0.061999999976251;FR;20220412
send_order;123713;123714;30977862181;436988.126;436988.095;0.031000000017229;FR;20220412
kill_order;123713;123714;30977862181;436988.141;436988.13;0.010999999998603;FR;20220412
send_order;123713;123714;30977862270;436988.411;436988.399;0.0120000000461;FR;20220412
kill_order;123713;123714;30977862270;436988.511;436988.414;0.097000000008848;FR;20220412
send_order;123713;123714;30977862374;436988.747;436988.713;0.033999999985099;FR;20220412
kill_order;123713;123714;30977862374;436988.781;436988.75;0.031000000017229;FR;20220412
send_order;123714;123715;30977862630;436989.067;436989.018;0.048999999999069;FR;20220412
kill_order;123714;123715;30977862630;436989.133;436989.072;0.060999999986961;FR;20220412
send_order;123714;123715;30977862831;436989.356;436989.324;0.032000000006519;FR;20220412
kill_order;123714;123715;30977862831;436989.39;436989.36;0.03000000002794;FR;20220412
send_order;123714;123715;30977862950;436989.69;436989.627;0.063000000023749;FR;20220412
kill_order;123714;123715;30977862950;436989.758;436989.694;0.063999999954831;FR;20220412
send_order;123715;123716;30977863185;436989.966;436989.933;0.032999999995809;FR;20220412
kill_order;123715;123716;30977863185;436990.001;436989.97;0.031000000017229;FR;20220412
send_order;123715;123716;30977863258;436990.318;436990.238;0.080000000016298;FR;20220412
kill_order;123715;123716;30977863258;436990.383;436990.322;0.060999999986961;FR;20220412
send_order;123715;123716;30977863426;436990.628;436990.548;0.080000000016298;FR;20220412
kill_order;123715;123716;30977863426;436990.666;436990.632;0.034000000043306;FR;20220412
send_order;123715;123716;30977863626;436990.919;436990.857;0.061999999976251;FR;20220412
kill_order;123715;123716;30977863626;436990.958;436990.922;0.035999999963678;FR;20220412
send_order;123716;123717;30977863746;436991.176;436991.164;0.011999999987893;FR;20220412
kill_order;123716;123717;30977863746;436991.198;436991.179;0.018999999971129;FR;20220412
send_order;123716;123717;30977863850;436991.5;436991.466;0.033999999985099;FR;20220412
kill_order;123716;123717;30977863850;436991.565;436991.503;0.061999999976251;FR;20220412
send_order;123716;123717;30977863952;436991.82;436991.771;0.048999999999069;FR;20220412
kill_order;123716;123717;30977863952;436991.854;436991.824;0.029999999969732;FR;20220412
send_order;123717;123718;30977864157;436992.125;436992.076;0.048999999999069;FR;20220412
kill_order;123717;123718;30977864157;436992.159;436992.129;0.029999999969732;FR;20220412
send_order;123717;123718;30977864262;436992.394;436992.382;0.011999999987893;FR;20220412
kill_order;123717;123718;30977864262;436992.416;436992.397;0.019000000029337;FR;20220412
send_order;123717;123718;30977864412;436992.763;436992.685;0.077999999979511;FR;20220412
kill_order;123717;123718;30977864412;436992.784;436992.767;0.016999999992549;FR;20220412
send_order;123718;123719;30977864579;436993.031;436992.997;0.034000000043306;FR;20220412
kill_order;123718;123719;30977864579;436993.049;436993.035;0.01400000002468;FR;20220412
send_order;123718;123719;30977864647;436993.383;436993.303;0.07999999995809;FR;20220412
kill_order;123718;123719;30977864647;436993.417;436993.387;0.03000000002794;FR;20220412
send_order;123718;123719;30977864802;436993.69;436993.608;0.081999999994878;FR;20220412
kill_order;123718;123719;30977864802;436993.705;436993.693;0.011999999987893;FR;20220412
send_order;123718;123719;30977864955;436993.928;436993.915;0.01300000003539;FR;20220412
kill_order;123718;123719;30977864955;436994.013;436993.932;0.081000000005588;FR;20220412
send_order;123719;123720;30977865077;436994.316;436994.22;0.096000000019558;FR;20220412
kill_order;123719;123720;30977865077;436994.382;436994.32;0.061999999976251;FR;20220412
send_order;123719;123720;30977865200;436994.636;436994.524;0.11200000002282;FR;20220412
kill_order;123719;123720;30977865200;436994.759;436994.64;0.11900000000605;FR;20220412
send_order;123719;123720;30977865308;436994.952;436994.84;0.11199999996461;FR;20220412
kill_order;123719;123721;30977865308;436995.017;436994.956;0.060999999986961;FR;20220412
send_order;123720;123721;30977865436;436995.195;436995.145;0.049999999988358;FR;20220412
kill_order;123720;123721;30977865436;436995.275;436995.198;0.077000000048429;FR;20220412
send_order;123720;123721;30977865580;436995.473;436995.451;0.021999999997206;FR;20220412
kill_order;123720;123721;30977865580;436995.511;436995.476;0.034999999974389;FR;20220412
send_order;123720;123721;30977865758;436995.813;436995.764;0.048999999999069;FR;20220412
kill_order;123720;123721;30977865758;436995.828;436995.817;0.010999999998603;FR;20220412
send_order;123721;123722;30977865967;436996.103;436996.069;0.033999999985099;FR;20220412
kill_order;123721;123722;30977865967;436996.153;436996.108;0.044999999983702;FR;20220412
send_order;123721;123722;30977866085;436996.442;436996.376;0.065999999991618;FR;20220412
kill_order;123721;123722;30977866085;436996.508;436996.446;0.061999999976251;FR;20220412
send_order;123721;123722;30977866196;436996.716;436996.682;0.034000000043306;FR;20220412
kill_order;123721;123722;30977866196;436996.75;436996.719;0.031000000017229;FR;20220412
