type;trans_id;local_time;order_num;order_start_time;order_stop_time;delta_time;Stock;date
send_order;132519;132519;30979472133;5062.945;5062.84;0.10499999999956;FR;20220412
kill_order;132519;132519;30979472133;5063.068;5062.953;0.11499999999978;FR;20220412
send_order;132519;132519;30979472246;5063.224;5063.147;0.077000000000226;FR;20220412
kill_order;132519;132519;30979472246;5063.316;5063.229;0.086999999999534;FR;20220412
send_order;132519;132519;30979472382;5063.537;5063.455;0.082000000000335;FR;20220412
kill_order;132519;132519;30979472382;5063.597;5063.542;0.054999999999382;FR;20220412
send_order;132520;132520;30979472579;5063.811;5063.767;0.043999999999869;FR;20220412
kill_order;132520;132520;30979472579;5063.88;5063.817;0.063000000000102;FR;20220412
send_order;132520;132520;30979472693;5064.124;5064.079;0.045000000000073;FR;20220412
kill_order;132520;132520;30979472693;5064.208;5064.13;0.07799999999952;FR;20220412
send_order;132520;132520;30979472794;5064.488;5064.389;0.09900000000016;FR;20220412
kill_order;132520;132520;30979472794;5064.569;5064.493;0.076000000000022;FR;20220412
send_order;132521;132521;30979472995;5064.757;5064.699;0.057999999999993;FR;20220412
kill_order;132521;132521;30979472995;5064.816;5064.762;0.054000000000087;FR;20220412
send_order;132521;132521;30979473047;5065.097;5065.006;0.09099999999944;FR;20220412
kill_order;132521;132521;30979473047;5065.195;5065.102;0.092999999999847;FR;20220412
send_order;132521;132521;30979473118;5065.395;5065.314;0.081000000000131;FR;20220412
kill_order;132521;132521;30979473118;5065.472;5065.4;0.072000000000116;FR;20220412
send_order;132521;132522;30979473280;5065.709;5065.625;0.083999999999833;FR;20220412
kill_order;132521;132522;30979473280;5065.77;5065.714;0.056000000000495;FR;20220412
send_order;132522;132522;30979473343;5066.025;5065.936;0.088999999999942;FR;20220412
kill_order;132522;132522;30979473343;5066.128;5066.03;0.097999999999956;FR;20220412
send_order;132522;132522;30979473437;5066.335;5066.245;0.090000000000146;FR;20220412
kill_order;132522;132522;30979473437;5066.444;5066.34;0.10400000000027;FR;20220412
send_order;132523;132522;30979473555;5066.645;5066.553;0.092000000000553;FR;20220412
kill_order;132523;132523;30979473555;5066.757;5066.65;0.10699999999997;FR;20220412
send_order;132523;132523;30979473789;5066.907;5066.861;0.046000000000276;FR;20220412
kill_order;132523;132523;30979473789;5066.973;5066.913;0.0600000000004;FR;20220412
send_order;132523;132523;30979473864;5067.241;5067.171;0.069999999999709;FR;20220412
kill_order;132523;132523;30979473864;5067.291;5067.246;0.045000000000073;FR;20220412
send_order;132523;132523;30979473963;5067.539;5067.482;0.056999999999789;FR;20220412
kill_order;132523;132523;30979473963;5067.59;5067.544;0.046000000000276;FR;20220412
send_order;132524;132524;30979474224;5067.881;5067.791;0.090000000000146;FR;20220412
kill_order;132524;132524;30979474224;5067.941;5067.886;0.054999999999382;FR;20220412
send_order;132524;132524;30979474320;5068.192;5068.103;0.088999999999942;FR;20220412
kill_order;132524;132524;30979474320;5068.254;5068.197;0.056999999999789;FR;20220412
send_order;132524;132524;30979474417;5068.504;5068.412;0.091999999999643;FR;20220412
kill_order;132524;132524;30979474417;5068.601;5068.51;0.09099999999944;FR;20220412
send_order;132525;132525;30979474597;5068.789;5068.719;0.069999999999709;FR;20220412
kill_order;132525;132525;30979474597;5068.847;5068.794;0.052999999999884;FR;20220412
send_order;132525;132525;30979474694;5069.099;5069.028;0.070999999999913;FR;20220412
kill_order;132525;132525;30979474694;5069.196;5069.104;0.091999999999643;FR;20220412
send_order;132525;132525;30979474772;5069.395;5069.337;0.057999999999993;FR;20220412
kill_order;132525;132525;30979474772;5069.455;5069.4;0.055000000000291;FR;20220412
send_order;132526;132526;30979474914;5069.708;5069.646;0.061999999999898;FR;20220412
kill_order;132526;132526;30979474914;5069.785;5069.713;0.072000000000116;FR;20220412
send_order;132526;132526;30979475045;5070.038;5069.954;0.083999999999833;FR;20220412
kill_order;132526;132526;30979475045;5070.132;5070.043;0.088999999999942;FR;20220412
send_order;132526;132526;30979475130;5070.313;5070.265;0.047999999999774;FR;20220412
kill_order;132526;132526;30979475130;5070.379;5070.32;0.059000000000196;FR;20220412
send_order;132526;132526;30979475192;5070.66;5070.574;0.08600000000024;FR;20220412
kill_order;132526;132527;30979475192;5070.725;5070.665;0.0600000000004;FR;20220412
send_order;132527;132527;30979475394;5070.974;5070.883;0.091000000000349;FR;20220412
kill_order;132527;132527;30979475394;5071.068;5070.979;0.088999999999942;FR;20220412
send_order;132527;132527;30979475486;5071.233;5071.192;0.041000000000167;FR;20220412
kill_order;132527;132527;30979475486;5071.285;5071.239;0.046000000000276;FR;20220412
send_order;132527;132527;30979475555;5071.598;5071.504;0.094000000000051;FR;20220412
kill_order;132527;132528;30979475555;5071.691;5071.604;0.086999999999534;FR;20220412
send_order;132528;132528;30979475752;5071.911;5071.815;0.096000000000458;FR;20220412
kill_order;132528;132528;30979475752;5072.004;5071.916;0.087999999999738;FR;20220412
send_order;132528;132528;30979475826;5072.169;5072.128;0.041000000000167;FR;20220412
kill_order;132528;132528;30979475826;5072.256;5072.174;0.082000000000335;FR;20220412
send_order;132528;132528;30979475917;5072.5;5072.439;0.060999999999694;FR;20220412
kill_order;132528;132528;30979475917;5072.584;5072.505;0.078999999999724;FR;20220412
send_order;132529;132529;30979476082;5072.882;5072.748;0.13400000000001;FR;20220412
kill_order;132529;132529;30979476082;5072.944;5072.887;0.057000000000698;FR;20220412
send_order;132529;132529;30979476168;5073.146;5073.057;0.088999999999942;FR;20220412
kill_order;132529;132529;30979476168;5073.253;5073.151;0.10199999999986;FR;20220412
send_order;132529;132529;30979476243;5073.441;5073.365;0.076000000000022;FR;20220412
kill_order;132529;132529;30979476243;5073.505;5073.446;0.059000000000196;FR;20220412
send_order;132530;132530;30979476317;5073.754;5073.672;0.082000000000335;FR;20220412
kill_order;132530;132530;30979476317;5073.81;5073.759;0.051000000000386;FR;20220412
send_order;132530;132530;30979476488;5074.069;5073.979;0.090000000000146;FR;20220412
kill_order;132530;132530;30979476488;5074.161;5074.075;0.08600000000024;FR;20220412
send_order;132530;132530;30979476569;5074.38;5074.29;0.090000000000146;FR;20220412
kill_order;132530;132530;30979476569;5074.474;5074.385;0.088999999999942;FR;20220412
send_order;132531;132531;30979476653;5074.692;5074.602;0.090000000000146;FR;20220412
kill_order;132531;132531;30979476653;5074.769;5074.697;0.072000000000116;FR;20220412
send_order;132531;132531;30979476790;5075.02;5074.913;0.10700000000088;FR;20220412
kill_order;132531;132531;30979476790;5075.069;5075.025;0.044000000000779;FR;20220412
send_order;132531;132531;30979476857;5075.333;5075.224;0.10899999999947;FR;20220412
kill_order;132531;132531;30979476857;5075.441;5075.338;0.10300000000007;FR;20220412
send_order;132531;132531;30979476925;5075.577;5075.534;0.043000000000575;FR;20220412
kill_order;132531;132531;30979476925;5075.649;5075.583;0.066000000000713;FR;20220412
send_order;132532;132532;30979477097;5075.945;5075.845;0.099999999999454;FR;20220412
kill_order;132532;132532;30979477097;5076.036;5075.951;0.085000000000036;FR;20220412
send_order;132532;132532;30979477171;5076.211;5076.155;0.056000000000495;FR;20220412
kill_order;132532;132532;30979477171;5076.303;5076.216;0.086999999999534;FR;20220412
send_order;132532;132532;30979477261;5076.632;5076.463;0.16899999999987;FR;20220412
kill_order;132532;132533;30979477261;5076.7;5076.637;0.063000000000102;FR;20220412
send_order;132533;132533;30979477414;5076.833;5076.772;0.060999999999694;FR;20220412
kill_order;132533;132533;30979477414;5076.893;5076.838;0.055000000000291;FR;20220412
send_order;132533;132533;30979477472;5077.127;5077.079;0.048000000000684;FR;20220412
kill_order;132533;132533;30979477472;5077.211;5077.132;0.079000000000633;FR;20220412
send_order;132533;132533;30979477536;5077.473;5077.389;0.083999999999833;FR;20220412
kill_order;132533;132533;30979477536;5077.57;5077.478;0.091999999999643;FR;20220412
send_order;132533;132534;30979477711;5077.769;5077.698;0.070999999999913;FR;20220412
kill_order;132533;132534;30979477711;5077.815;5077.774;0.040999999999258;FR;20220412
send_order;132534;132534;30979477830;5078.067;5078.009;0.057999999999993;FR;20220412
kill_order;132534;132534;30979477830;5078.147;5078.073;0.073999999999614;FR;20220412
send_order;132534;132534;30979477995;5078.394;5078.319;0.074999999999818;FR;20220412
kill_order;132534;132534;30979477995;5078.474;5078.399;0.074999999999818;FR;20220412
send_order;132535;132535;30979478103;5078.709;5078.632;0.077000000000226;FR;20220412
kill_order;132535;132535;30979478103;5078.771;5078.714;0.056999999999789;FR;20220412
send_order;132535;132535;30979478305;5079.023;5078.94;0.083000000000538;FR;20220412
kill_order;132535;132535;30979478305;5079.131;5079.028;0.10300000000007;FR;20220412
send_order;132535;132535;30979478405;5079.3;5079.251;0.048999999999978;FR;20220412
kill_order;132535;132535;30979478405;5079.399;5079.305;0.094000000000051;FR;20220412
send_order;132535;132535;30979478459;5079.617;5079.558;0.059000000000196;FR;20220412
kill_order;132535;132536;30979478459;5079.672;5079.623;0.048999999999978;FR;20220412
send_order;132536;132536;30979478700;5079.959;5079.869;0.090000000000146;FR;20220412
kill_order;132536;132536;30979478700;5080.067;5079.964;0.10300000000007;FR;20220412
send_order;132536;132536;30979478860;5080.269;5080.179;0.090000000000146;FR;20220412
kill_order;132536;132536;30979478860;5080.333;5080.274;0.058999999999287;FR;20220412
send_order;132536;132536;30979478964;5080.529;5080.488;0.041000000000167;FR;20220412
kill_order;132536;132536;30979478964;5080.604;5080.534;0.070000000000618;FR;20220412
send_order;132537;132537;30979479108;5080.848;5080.799;0.048999999999978;FR;20220412
kill_order;132537;132537;30979479108;5080.944;5080.853;0.091000000000349;FR;20220412
send_order;132537;132537;30979479265;5081.194;5081.11;0.084000000000742;FR;20220412
kill_order;132537;132537;30979479265;5081.287;5081.199;0.088000000000648;FR;20220412
send_order;132537;132537;30979479325;5081.474;5081.42;0.054000000000087;FR;20220412
kill_order;132537;132537;30979479325;5081.535;5081.479;0.055999999999585;FR;20220412
send_order;132537;132538;30979479545;5081.787;5081.731;0.056000000000495;FR;20220412
kill_order;132537;132538;30979479545;5081.836;5081.792;0.043999999999869;FR;20220412
send_order;132538;132538;30979479854;5082.145;5082.043;0.10200000000077;FR;20220412
kill_order;132538;132538;30979479854;5082.208;5082.15;0.057999999999993;FR;20220412
send_order;132538;132538;30979479961;5082.441;5082.353;0.087999999999738;FR;20220412
kill_order;132538;132538;30979479961;5082.54;5082.446;0.094000000000051;FR;20220412
send_order;132538;132539;30979480169;5082.755;5082.662;0.092999999999847;FR;20220412
kill_order;132538;132539;30979480169;5082.818;5082.76;0.057999999999993;FR;20220412
send_order;132539;132539;30979480381;5083.084;5082.972;0.11200000000008;FR;20220412
kill_order;132539;132539;30979480381;5083.192;5083.089;0.10300000000007;FR;20220412
send_order;132539;132539;30979480605;5083.381;5083.282;0.09900000000016;FR;20220412
kill_order;132539;132539;30979480605;5083.491;5083.387;0.10400000000027;FR;20220412
send_order;132540;132540;30979480782;5083.663;5083.592;0.070999999999913;FR;20220412
kill_order;132540;132540;30979480782;5083.755;5083.669;0.08600000000024;FR;20220412
send_order;132540;132540;30979480956;5083.973;5083.899;0.073999999999614;FR;20220412
kill_order;132540;132540;30979480956;5084.037;5083.978;0.059000000000196;FR;20220412
send_order;132540;132540;30979481047;5084.301;5084.21;0.091000000000349;FR;20220412
kill_order;132540;132540;30979481047;5084.379;5084.307;0.072000000000116;FR;20220412
send_order;132541;132540;30979481122;5084.598;5084.52;0.07799999999952;FR;20220412
kill_order;132541;132541;30979481122;5084.694;5084.603;0.091000000000349;FR;20220412
send_order;132541;132541;30979481293;5084.894;5084.828;0.065999999999804;FR;20220412
kill_order;132541;132541;30979481293;5085.006;5084.919;0.087000000000444;FR;20220412
send_order;132541;132541;30979481494;5085.193;5085.137;0.056000000000495;FR;20220412
kill_order;132541;132541;30979481494;5085.253;5085.198;0.054999999999382;FR;20220412
send_order;132541;132541;30979481656;5085.506;5085.448;0.057999999999993;FR;20220412
kill_order;132541;132541;30979481656;5085.58;5085.511;0.068999999999505;FR;20220412
send_order;132542;132542;30979481745;5085.835;5085.761;0.073999999999614;FR;20220412
kill_order;132542;132542;30979481745;5085.926;5085.84;0.08600000000024;FR;20220412
send_order;132542;132542;30979481948;5086.148;5086.071;0.077000000000226;FR;20220412
kill_order;132542;132542;30979481948;5086.193;5086.153;0.039999999999964;FR;20220412
send_order;132542;132542;30979482078;5086.42;5086.381;0.03899999999976;FR;20220412
kill_order;132542;132542;30979482078;5086.522;5086.426;0.095999999999549;FR;20220412
send_order;132543;132543;30979482158;5086.772;5086.694;0.07799999999952;FR;20220412
kill_order;132543;132543;30979482158;5086.865;5086.777;0.087999999999738;FR;20220412
send_order;132543;132543;30979482327;5087.1;5087.006;0.094000000000051;FR;20220412
kill_order;132543;132543;30979482327;5087.161;5087.105;0.056000000000495;FR;20220412
send_order;132543;132543;30979482415;5087.395;5087.316;0.079000000000633;FR;20220412
kill_order;132543;132543;30979482415;5087.488;5087.4;0.088000000000648;FR;20220412
send_order;132544;132544;30979482511;5087.723;5087.624;0.09900000000016;FR;20220412
kill_order;132544;132544;30979482511;5087.816;5087.729;0.086999999999534;FR;20220412
send_order;132544;132544;30979482684;5088.022;5087.937;0.085000000000036;FR;20220412
kill_order;132544;132544;30979482684;5088.082;5088.027;0.055000000000291;FR;20220412
send_order;132544;132544;30979482785;5088.336;5088.246;0.090000000000146;FR;20220412
kill_order;132544;132544;30979482785;5088.41;5088.341;0.068999999999505;FR;20220412
send_order;132544;132544;30979482880;5088.757;5088.555;0.20199999999932;FR;20220412
kill_order;132544;132545;30979482880;5088.837;5088.762;0.075000000000728;FR;20220412
send_order;132545;132545;30979483050;5088.959;5088.866;0.092999999999847;FR;20220412
kill_order;132545;132545;30979483050;5089.066;5088.964;0.10199999999986;FR;20220412
send_order;132545;132545;30979483167;5089.273;5089.173;0.10000000000036;FR;20220412
kill_order;132545;132545;30979483167;5089.334;5089.278;0.055999999999585;FR;20220412
send_order;132545;132545;30979483302;5089.582;5089.485;0.097000000000662;FR;20220412
kill_order;132545;132545;30979483302;5089.646;5089.587;0.058999999999287;FR;20220412
send_order;132546;132546;30979483500;5089.849;5089.793;0.056000000000495;FR;20220412
kill_order;132546;132546;30979483500;5089.96;5089.854;0.10599999999977;FR;20220412
send_order;132546;132546;30979483681;5090.194;5090.103;0.091000000000349;FR;20220412
kill_order;132546;132546;30979483681;5090.285;5090.199;0.08600000000024;FR;20220412
send_order;132546;132546;30979483777;5090.489;5090.412;0.076999999999316;FR;20220412
kill_order;132546;132546;30979483777;5090.582;5090.494;0.088000000000648;FR;20220412
send_order;132547;132547;30979483903;5090.788;5090.721;0.067000000000007;FR;20220412
kill_order;132547;132547;30979483903;5090.838;5090.793;0.045000000000073;FR;20220412
send_order;132547;132547;30979484114;5091.13;5091.031;0.09900000000016;FR;20220412
kill_order;132547;132547;30979484114;5091.192;5091.136;0.055999999999585;FR;20220412
send_order;132547;132547;30979484373;5091.442;5091.343;0.09900000000016;FR;20220412
kill_order;132547;132547;30979484373;5091.505;5091.447;0.057999999999993;FR;20220412
send_order;132547;132548;30979484591;5091.723;5091.652;0.070999999999913;FR;20220412
kill_order;132547;132548;30979484591;5091.809;5091.728;0.081000000000131;FR;20220412
send_order;132548;132548;30979484990;5092.067;5091.964;0.10300000000007;FR;20220412
kill_order;132548;132548;30979484990;5092.145;5092.073;0.072000000000116;FR;20220412
send_order;132548;132548;30979485311;5092.349;5092.276;0.07300000000032;FR;20220412
kill_order;132548;132548;30979485311;5092.443;5092.354;0.088999999999942;FR;20220412
send_order;132549;132549;30979485402;5092.693;5092.589;0.10400000000027;FR;20220412
kill_order;132549;132549;30979485402;5092.785;5092.698;0.086999999999534;FR;20220412
send_order;132549;132549;30979485565;5092.956;5092.899;0.056999999999789;FR;20220412
kill_order;132549;132549;30979485565;5093.002;5092.962;0.039999999999964;FR;20220412
send_order;132549;132549;30979485805;5093.255;5093.21;0.045000000000073;FR;20220412
kill_order;132549;132549;30979485805;5093.333;5093.26;0.072999999999411;FR;20220412
send_order;132550;132549;30979486108;5093.6;5093.521;0.079000000000633;FR;20220412
kill_order;132550;132550;30979486108;5093.691;5093.605;0.08600000000024;FR;20220412
send_order;132550;132550;30979486589;5093.896;5093.831;0.0649999999996;FR;20220412
kill_order;132550;132550;30979486589;5093.976;5093.901;0.074999999999818;FR;20220412
send_order;132550;132550;30979487107;5094.223;5094.142;0.081000000000131;FR;20220412
kill_order;132550;132550;30979487107;5094.318;5094.228;0.090000000000146;FR;20220412
send_order;132550;132550;30979487572;5094.54;5094.45;0.090000000000146;FR;20220412
kill_order;132550;132550;30979487572;5094.631;5094.545;0.08600000000024;FR;20220412
send_order;132551;132551;30979488022;5094.85;5094.759;0.091000000000349;FR;20220412
kill_order;132551;132551;30979488022;5094.943;5094.856;0.087000000000444;FR;20220412
send_order;132551;132551;30979488524;5095.164;5095.073;0.09099999999944;FR;20220412
kill_order;132551;132551;30979488524;5095.256;5095.169;0.087000000000444;FR;20220412
send_order;132551;132551;30979488668;5095.443;5095.381;0.061999999999898;FR;20220412
kill_order;132551;132551;30979488668;5095.49;5095.448;0.041999999999462;FR;20220412
send_order;132551;132552;30979488788;5095.774;5095.692;0.082000000000335;FR;20220412
kill_order;132551;132552;30979488788;5095.848;5095.779;0.068999999999505;FR;20220412
send_order;132552;132552;30979489195;5096.064;5096.001;0.063000000000102;FR;20220412
kill_order;132552;132552;30979489195;5096.164;5096.069;0.094999999999345;FR;20220412
send_order;132552;132552;30979489387;5096.382;5096.312;0.069999999999709;FR;20220412
kill_order;132552;132552;30979489387;5096.474;5096.387;0.087000000000444;FR;20220412
send_order;132553;132553;30979489494;5096.755;5096.619;0.13600000000042;FR;20220412
kill_order;132553;132553;30979489494;5096.848;5096.76;0.087999999999738;FR;20220412
send_order;132553;132553;30979489776;5097.005;5096.928;0.077000000000226;FR;20220412
kill_order;132553;132553;30979489776;5097.066;5097.01;0.055999999999585;FR;20220412
send_order;132553;132553;30979489912;5097.316;5097.236;0.079999999999927;FR;20220412
kill_order;132553;132553;30979489912;5097.385;5097.323;0.061999999999898;FR;20220412
send_order;132554;132553;30979489993;5097.629;5097.549;0.079999999999927;FR;20220412
kill_order;132554;132554;30979489993;5097.693;5097.634;0.059000000000196;FR;20220412
send_order;132554;132554;30979490079;5097.944;5097.86;0.084000000000742;FR;20220412
kill_order;132554;132554;30979490079;5098.036;5097.95;0.08600000000024;FR;20220412
send_order;132554;132554;30979490338;5098.257;5098.17;0.086999999999534;FR;20220412
kill_order;132554;132554;30979490338;5098.332;5098.262;0.070000000000618;FR;20220412
send_order;132554;132554;30979490527;5098.584;5098.481;0.10300000000007;FR;20220412
kill_order;132554;132554;30979490527;5098.645;5098.589;0.056000000000495;FR;20220412
send_order;132555;132555;30979490975;5098.866;5098.79;0.076000000000022;FR;20220412
kill_order;132555;132555;30979490975;5098.944;5098.871;0.07300000000032;FR;20220412
send_order;132555;132555;30979491590;5099.176;5099.102;0.074000000000524;FR;20220412
kill_order;132555;132555;30979491590;5099.285;5099.181;0.10400000000027;FR;20220412
send_order;132555;132555;30979492059;5099.474;5099.413;0.061000000000604;FR;20220412
kill_order;132555;132555;30979492059;5099.524;5099.479;0.045000000000073;FR;20220412
send_order;132556;132556;30979492170;5099.808;5099.723;0.085000000000036;FR;20220412
kill_order;132556;132556;30979492170;5099.895;5099.814;0.081000000000131;FR;20220412
send_order;132556;132556;30979492359;5100.078;5100.033;0.045000000000073;FR;20220412
kill_order;132556;132556;30979492359;5100.144;5100.083;0.061000000000604;FR;20220412
send_order;132556;132556;30979492460;5100.411;5100.342;0.069000000000415;FR;20220412
kill_order;132556;132556;30979492460;5100.49;5100.416;0.073999999999614;FR;20220412
send_order;132557;132557;30979492637;5100.693;5100.65;0.043000000000575;FR;20220412
kill_order;132557;132557;30979492637;5100.756;5100.698;0.057999999999993;FR;20220412
send_order;132557;132557;30979492805;5101.072;5100.957;0.11499999999978;FR;20220412
kill_order;132557;132557;30979492805;5101.162;5101.076;0.08600000000024;FR;20220412
send_order;132557;132557;30979492931;5101.35;5101.266;0.084000000000742;FR;20220412
kill_order;132557;132557;30979492931;5101.458;5101.356;0.10199999999986;FR;20220412
send_order;132557;132557;30979493081;5101.616;5101.575;0.041000000000167;FR;20220412
kill_order;132557;132558;30979493081;5101.67;5101.622;0.047999999999774;FR;20220412
send_order;132558;132558;30979493252;5101.943;5101.884;0.059000000000196;FR;20220412
kill_order;132558;132558;30979493252;5102.069;5101.948;0.12100000000009;FR;20220412
send_order;132558;132558;30979493404;5102.272;5102.194;0.07799999999952;FR;20220412
kill_order;132558;132558;30979493404;5102.333;5102.277;0.055999999999585;FR;20220412
send_order;132558;132558;30979493516;5102.554;5102.506;0.047999999999774;FR;20220412
kill_order;132558;132558;30979493516;5102.629;5102.559;0.069999999999709;FR;20220412
send_order;132559;132559;30979493605;5102.865;5102.814;0.050999999999476;FR;20220412
kill_order;132559;132559;30979493605;5102.96;5102.871;0.088999999999942;FR;20220412
send_order;132559;132559;30979493784;5103.194;5103.124;0.070000000000618;FR;20220412
kill_order;132559;132559;30979493784;5103.27;5103.2;0.070000000000618;FR;20220412
send_order;132559;132559;30979493849;5103.524;5103.433;0.091000000000349;FR;20220412
kill_order;132559;132559;30979493849;5103.582;5103.529;0.052999999999884;FR;20220412
send_order;132559;132600;30979494022;5103.785;5103.74;0.045000000000073;FR;20220412
kill_order;132559;132600;30979494022;5103.852;5103.791;0.060999999999694;FR;20220412
send_order;132600;132600;30979494220;5104.131;5104.051;0.079999999999927;FR;20220412
kill_order;132600;132600;30979494220;5104.192;5104.136;0.055999999999585;FR;20220412
send_order;132600;132600;30979494386;5104.408;5104.36;0.048000000000684;FR;20220412
kill_order;132600;132600;30979494386;5104.484;5104.414;0.070000000000618;FR;20220412
send_order;132601;132601;30979494472;5104.717;5104.672;0.045000000000073;FR;20220412
kill_order;132601;132601;30979494472;5104.81;5104.723;0.087000000000444;FR;20220412
send_order;132601;132601;30979494599;5105.132;5104.982;0.14999999999964;FR;20220412
kill_order;132601;132601;30979494599;5105.194;5105.137;0.057000000000698;FR;20220412
send_order;132601;132601;30979494705;5105.366;5105.295;0.070999999999913;FR;20220412
kill_order;132601;132601;30979494705;5105.458;5105.371;0.086999999999534;FR;20220412
send_order;132602;132602;30979494817;5105.711;5105.605;0.10600000000068;FR;20220412
kill_order;132602;132602;30979494817;5105.803;5105.716;0.086999999999534;FR;20220412
send_order;132602;132602;30979494909;5106.007;5105.915;0.091999999999643;FR;20220412
kill_order;132602;132602;30979494909;5106.068;5106.012;0.056000000000495;FR;20220412
send_order;132602;132602;30979495034;5106.334;5106.227;0.10699999999997;FR;20220412
kill_order;132602;132602;30979495034;5106.395;5106.339;0.056000000000495;FR;20220412
send_order;132603;132602;30979495116;5106.631;5106.536;0.095000000000255;FR;20220412
kill_order;132603;132603;30979495116;5106.694;5106.636;0.057999999999993;FR;20220412
send_order;132603;132603;30979495169;5106.897;5106.844;0.052999999999884;FR;20220412
kill_order;132603;132603;30979495169;5106.958;5106.903;0.054999999999382;FR;20220412
send_order;132603;132603;30979495299;5107.194;5107.154;0.039999999999964;FR;20220412
kill_order;132603;132603;30979495299;5107.256;5107.2;0.056000000000495;FR;20220412
send_order;132603;132603;30979495363;5107.571;5107.466;0.10499999999956;FR;20220412
kill_order;132603;132603;30979495363;5107.662;5107.576;0.08600000000024;FR;20220412
send_order;132604;132604;30979495459;5107.88;5107.775;0.10500000000047;FR;20220412
kill_order;132604;132604;30979495459;5107.948;5107.886;0.061999999999898;FR;20220412
send_order;132604;132604;30979495635;5108.16;5108.083;0.077000000000226;FR;20220412
kill_order;132604;132604;30979495635;5108.256;5108.165;0.091000000000349;FR;20220412
send_order;132604;132604;30979495708;5108.476;5108.391;0.085000000000036;FR;20220412
kill_order;132604;132604;30979495708;5108.521;5108.481;0.039999999999964;FR;20220412
send_order;132605;132605;30979495773;5108.787;5108.7;0.087000000000444;FR;20220412
kill_order;132605;132605;30979495773;5108.879;5108.792;0.086999999999534;FR;20220412
send_order;132605;132605;30979495895;5109.129;5109.011;0.11799999999948;FR;20220412
kill_order;132605;132605;30979495895;5109.255;5109.135;0.11999999999989;FR;20220412
send_order;132605;132605;30979496033;5109.367;5109.322;0.045000000000073;FR;20220412
kill_order;132605;132605;30979496033;5109.443;5109.372;0.070999999999913;FR;20220412
send_order;132605;132606;30979496139;5109.726;5109.632;0.094000000000051;FR;20220412
kill_order;132605;132606;30979496139;5109.811;5109.731;0.079999999999927;FR;20220412
send_order;132606;132606;30979496207;5110.067;5109.944;0.12299999999959;FR;20220412
kill_order;132606;132606;30979496207;5110.129;5110.073;0.055999999999585;FR;20220412
send_order;132606;132606;30979496414;5110.395;5110.256;0.13900000000012;FR;20220412
kill_order;132606;132606;30979496414;5110.489;5110.401;0.087999999999738;FR;20220412
send_order;132606;132606;30979496478;5110.694;5110.564;0.13000000000011;FR;20220412
kill_order;132606;132607;30979496478;5110.754;5110.699;0.055000000000291;FR;20220412
send_order;132607;132607;30979496548;5110.912;5110.872;0.039999999999964;FR;20220412
kill_order;132607;132607;30979496548;5110.991;5110.917;0.073999999999614;FR;20220412
send_order;132607;132607;30979496736;5111.27;5111.182;0.088000000000648;FR;20220412
kill_order;132607;132607;30979496736;5111.379;5111.276;0.10300000000007;FR;20220412
send_order;132607;132607;30979496808;5111.531;5111.49;0.041000000000167;FR;20220412
kill_order;132607;132607;30979496808;5111.588;5111.538;0.050000000000182;FR;20220412
send_order;132608;132608;30979496890;5111.862;5111.801;0.060999999999694;FR;20220412
kill_order;132608;132608;30979496890;5111.913;5111.868;0.044999999999163;FR;20220412
send_order;132608;132608;30979497096;5112.224;5112.11;0.11400000000049;FR;20220412
kill_order;132608;132608;30979497096;5112.303;5112.229;0.073999999999614;FR;20220412
send_order;132608;132608;30979497201;5112.507;5112.419;0.087999999999738;FR;20220412
kill_order;132608;132608;30979497201;5112.598;5112.512;0.08600000000024;FR;20220412
send_order;132609;132609;30979497316;5112.772;5112.731;0.041000000000167;FR;20220412
kill_order;132609;132609;30979497316;5112.88;5112.777;0.10300000000007;FR;20220412
send_order;132609;132609;30979497403;5113.133;5113.043;0.090000000000146;FR;20220412
kill_order;132609;132609;30979497403;5113.254;5113.138;0.11599999999999;FR;20220412
send_order;132609;132609;30979497680;5113.414;5113.352;0.061999999999898;FR;20220412
kill_order;132609;132609;30979497680;5113.487;5113.42;0.067000000000007;FR;20220412
send_order;132610;132610;30979497758;5113.703;5113.665;0.038000000000466;FR;20220412
kill_order;132610;132610;30979497758;5113.787;5113.709;0.078000000000429;FR;20220412
send_order;132610;132610;30979497858;5114.129;5113.974;0.15499999999975;FR;20220412
kill_order;132610;132610;30979497858;5114.253;5114.134;0.11899999999969;FR;20220412
send_order;132610;132610;30979498030;5114.378;5114.284;0.094000000000051;FR;20220412
kill_order;132610;132610;30979498030;5114.443;5114.384;0.059000000000196;FR;20220412
send_order;132610;132611;30979498113;5114.693;5114.595;0.097999999999956;FR;20220412
kill_order;132610;132611;30979498113;5114.77;5114.698;0.072000000000116;FR;20220412
send_order;132611;132611;30979498211;5114.943;5114.904;0.03899999999976;FR;20220412
kill_order;132611;132611;30979498211;5115.02;5114.948;0.072000000000116;FR;20220412
send_order;132611;132611;30979498452;5115.251;5115.215;0.036000000000058;FR;20220412
kill_order;132611;132611;30979498452;5115.319;5115.258;0.061000000000604;FR;20220412
send_order;132611;132611;30979498577;5115.65;5115.524;0.12599999999929;FR;20220412
kill_order;132611;132612;30979498577;5115.724;5115.655;0.069000000000415;FR;20220412
send_order;132612;132612;30979498630;5115.897;5115.832;0.0649999999996;FR;20220412
kill_order;132612;132612;30979498630;5116.003;5115.903;0.099999999999454;FR;20220412
send_order;132612;132612;30979498869;5116.192;5116.143;0.048999999999978;FR;20220412
kill_order;132612;132612;30979498869;5116.379;5116.197;0.18199999999979;FR;20220412
send_order;132612;132612;30979499011;5116.537;5116.454;0.083000000000538;FR;20220412
kill_order;132612;132612;30979499011;5116.644;5116.542;0.10199999999986;FR;20220412
send_order;132612;132613;30979499128;5116.836;5116.765;0.070999999999913;FR;20220412
kill_order;132612;132613;30979499128;5116.911;5116.841;0.069999999999709;FR;20220412
send_order;132613;132613;30979499334;5117.162;5117.074;0.088000000000648;FR;20220412
kill_order;132613;132613;30979499334;5117.27;5117.168;0.10200000000077;FR;20220412
send_order;132613;132613;30979499498;5117.488;5117.386;0.10199999999986;FR;20220412
kill_order;132613;132613;30979499498;5117.586;5117.493;0.092999999999847;FR;20220412
send_order;132613;132614;30979499597;5117.787;5117.697;0.090000000000146;FR;20220412
kill_order;132613;132614;30979499597;5117.879;5117.792;0.086999999999534;FR;20220412
send_order;132614;132614;30979499727;5118.082;5118.005;0.077000000000226;FR;20220412
kill_order;132614;132614;30979499727;5118.128;5118.087;0.040999999999258;FR;20220412
send_order;132614;132614;30979499884;5118.382;5118.316;0.065999999999804;FR;20220412
kill_order;132614;132614;30979499884;5118.504;5118.387;0.11700000000019;FR;20220412
send_order;132614;132615;30979500025;5118.708;5118.623;0.085000000000036;FR;20220412
kill_order;132614;132615;30979500025;5118.754;5118.713;0.041000000000167;FR;20220412
send_order;132615;132615;30979500092;5118.972;5118.932;0.039999999999964;FR;20220412
kill_order;132615;132615;30979500092;5119.07;5118.977;0.092999999999847;FR;20220412
send_order;132615;132615;30979500277;5119.283;5119.242;0.041000000000167;FR;20220412
kill_order;132615;132615;30979500277;5119.349;5119.289;0.0600000000004;FR;20220412
send_order;132616;132615;30979500339;5119.59;5119.551;0.03899999999976;FR;20220412
kill_order;132616;132615;30979500339;5119.678;5119.596;0.082000000000335;FR;20220412
send_order;132616;132616;30979500426;5119.911;5119.859;0.05199999999968;FR;20220412
kill_order;132616;132616;30979500426;5119.976;5119.916;0.059999999999491;FR;20220412
send_order;132616;132616;30979500579;5120.304;5120.169;0.13500000000022;FR;20220412
kill_order;132616;132616;30979500579;5120.385;5120.309;0.076000000000022;FR;20220412
send_order;132616;132616;30979500688;5120.57;5120.48;0.090000000000146;FR;20220412
kill_order;132616;132616;30979500688;5120.662;5120.576;0.08600000000024;FR;20220412
send_order;132617;132617;30979500811;5120.883;5120.79;0.092999999999847;FR;20220412
kill_order;132617;132617;30979500811;5120.944;5120.888;0.056000000000495;FR;20220412
send_order;132617;132617;30979500887;5121.16;5121.098;0.061999999999898;FR;20220412
kill_order;132617;132617;30979500887;5121.242;5121.165;0.077000000000226;FR;20220412
send_order;132617;132617;30979501055;5121.663;5121.408;0.2549999999992;FR;20220412
kill_order;132617;132618;30979501055;5121.74;5121.668;0.072000000000116;FR;20220412
send_order;132618;132618;30979501247;5122.085;5122.025;0.0600000000004;FR;20220412
kill_order;132618;132618;30979501247;5122.193;5122.09;0.10300000000007;FR;20220412
send_order;132618;132618;30979501422;5122.381;5122.335;0.046000000000276;FR;20220412
kill_order;132618;132618;30979501422;5122.443;5122.386;0.056999999999789;FR;20220412
send_order;132619;132619;30979501536;5122.754;5122.642;0.11200000000008;FR;20220412
kill_order;132619;132619;30979501536;5122.835;5122.759;0.076000000000022;FR;20220412
send_order;132619;132619;30979501662;5123.02;5122.954;0.066000000000713;FR;20220412
kill_order;132619;132619;30979501662;5123.128;5123.025;0.10300000000007;FR;20220412
send_order;132619;132619;30979501840;5123.303;5123.265;0.037999999999556;FR;20220412
kill_order;132619;132619;30979501840;5123.381;5123.309;0.072000000000116;FR;20220412
send_order;132620;132619;30979501974;5123.692;5123.576;0.11599999999999;FR;20220412
kill_order;132620;132620;30979501974;5123.788;5123.697;0.09099999999944;FR;20220412
send_order;132620;132620;30979502033;5123.929;5123.884;0.045000000000073;FR;20220412
kill_order;132620;132620;30979502033;5124.004;5123.934;0.069999999999709;FR;20220412
send_order;132620;132620;30979502187;5124.285;5124.193;0.091999999999643;FR;20220412
kill_order;132620;132620;30979502187;5124.378;5124.29;0.087999999999738;FR;20220412
send_order;132620;132620;30979502367;5124.57;5124.501;0.068999999999505;FR;20220412
kill_order;132620;132620;30979502367;5124.693;5124.575;0.11800000000039;FR;20220412
