type;trans_id;local_time;order_num;order_start_time;order_stop_time;delta_time;Stock;date
send_order;120601;120601;30976702312;435114.856;435114.823;0.033000000054017;FR;20220412
kill_order;120601;120601;30976702312;435114.874;435114.865;0.0090000000200234;FR;20220412
send_order;120601;120601;30976702448;435115.14;435115.127;0.01300000003539;FR;20220412
kill_order;120601;120601;30976702448;435115.158;435115.143;0.01500000001397;FR;20220412
send_order;120601;120601;30976702631;435115.443;435115.43;0.01300000003539;FR;20220412
kill_order;120601;120601;30976702631;435115.467;435115.447;0.020000000018626;FR;20220412
send_order;120602;120602;30976702747;435115.749;435115.736;0.01300000003539;FR;20220412
kill_order;120602;120602;30976702747;435115.77;435115.752;0.018000000040047;FR;20220412
send_order;120602;120602;30976702860;435116.055;435116.041;0.013999999966472;FR;20220412
kill_order;120602;120602;30976702860;435116.094;435116.059;0.034999999974389;FR;20220412
send_order;120602;120602;30976703061;435116.359;435116.347;0.011999999987893;FR;20220412
kill_order;120602;120602;30976703061;435116.386;435116.362;0.023999999975786;FR;20220412
send_order;120603;120603;30976703164;435116.667;435116.654;0.01300000003539;FR;20220412
kill_order;120603;120603;30976703164;435116.688;435116.671;0.017000000050757;FR;20220412
send_order;120603;120603;30976703303;435116.973;435116.961;0.011999999987893;FR;20220412
kill_order;120603;120603;30976703303;435116.993;435116.977;0.01600000000326;FR;20220412
send_order;120603;120603;30976703452;435117.278;435117.266;0.011999999987893;FR;20220412
kill_order;120603;120603;30976703452;435117.305;435117.28;0.024999999965075;FR;20220412
send_order;120604;120604;30976703588;435117.586;435117.574;0.011999999987893;FR;20220412
kill_order;120604;120604;30976703588;435117.612;435117.588;0.024000000033993;FR;20220412
send_order;120604;120604;30976703680;435117.914;435117.88;0.033999999985099;FR;20220412
kill_order;120604;120604;30976703680;435117.925;435117.918;0.0069999999832362;FR;20220412
send_order;120604;120604;30976703801;435118.196;435118.183;0.012999999977183;FR;20220412
kill_order;120604;120604;30976703801;435118.21;435118.2;0.010000000009313;FR;20220412
send_order;120604;120604;30976703984;435118.5;435118.486;0.01400000002468;FR;20220412
kill_order;120604;120604;30976703984;435118.512;435118.503;0.0089999999618158;FR;20220412
send_order;120605;120605;30976704077;435118.821;435118.788;0.032999999995809;FR;20220412
kill_order;120605;120605;30976704077;435118.837;435118.824;0.012999999977183;FR;20220412
send_order;120605;120605;30976704156;435119.105;435119.092;0.012999999977183;FR;20220412
kill_order;120605;120605;30976704156;435119.126;435119.108;0.017999999981839;FR;20220412
send_order;120605;120605;30976704354;435119.41;435119.398;0.011999999987893;FR;20220412
kill_order;120605;120605;30976704354;435119.437;435119.413;0.023999999975786;FR;20220412
send_order;120606;120606;30976704449;435119.716;435119.705;0.010999999998603;FR;20220412
kill_order;120606;120606;30976704449;435119.743;435119.719;0.024000000033993;FR;20220412
send_order;120606;120606;30976704545;435120.024;435120.011;0.012999999977183;FR;20220412
kill_order;120606;120606;30976704545;435120.048;435120.027;0.021000000007916;FR;20220412
send_order;120606;120606;30976704707;435120.331;435120.317;0.01400000002468;FR;20220412
kill_order;120606;120606;30976704707;435120.344;435120.334;0.010000000009313;FR;20220412
send_order;120607;120607;30976704840;435120.632;435120.619;0.012999999977183;FR;20220412
kill_order;120607;120607;30976704840;435120.686;435120.636;0.049999999988358;FR;20220412
send_order;120607;120607;30976704948;435120.937;435120.924;0.012999999977183;FR;20220412
kill_order;120607;120607;30976704948;435120.977;435120.94;0.037000000011176;FR;20220412
send_order;120607;120607;30976705064;435121.242;435121.229;0.01300000003539;FR;20220412
kill_order;120607;120607;30976705064;435121.28;435121.245;0.035000000032596;FR;20220412
send_order;120608;120608;30976705254;435121.546;435121.533;0.012999999977183;FR;20220412
kill_order;120608;120608;30976705254;435121.565;435121.549;0.01600000000326;FR;20220412
send_order;120608;120608;30976705362;435121.85;435121.837;0.012999999977183;FR;20220412
kill_order;120608;120608;30976705362;435121.889;435121.853;0.036000000021886;FR;20220412
send_order;120608;120608;30976705460;435122.155;435122.142;0.01300000003539;FR;20220412
kill_order;120608;120608;30976705460;435122.181;435122.158;0.022999999986496;FR;20220412
send_order;120608;120608;30976705640;435122.461;435122.449;0.011999999987893;FR;20220412
kill_order;120608;120608;30976705640;435122.501;435122.465;0.035999999963678;FR;20220412
send_order;120609;120609;30976705714;435122.79;435122.756;0.033999999985099;FR;20220412
kill_order;120609;120609;30976705714;435122.805;435122.794;0.010999999998603;FR;20220412
send_order;120609;120609;30976705798;435123.077;435123.063;0.013999999966472;FR;20220412
kill_order;120609;120609;30976705798;435123.096;435123.08;0.01600000000326;FR;20220412
send_order;120609;120609;30976705991;435123.384;435123.369;0.01500000001397;FR;20220412
kill_order;120609;120609;30976705991;435123.447;435123.388;0.059000000008382;FR;20220412
send_order;120610;120610;30976706132;435123.698;435123.685;0.012999999977183;FR;20220412
kill_order;120610;120610;30976706132;435123.723;435123.702;0.021000000007916;FR;20220412
send_order;120610;120610;30976706250;435124.009;435123.991;0.018000000040047;FR;20220412
kill_order;120610;120610;30976706250;435124.024;435124.013;0.010999999998603;FR;20220412
send_order;120610;120610;30976706355;435124.312;435124.297;0.014999999955762;FR;20220412
kill_order;120610;120610;30976706355;435124.328;435124.316;0.011999999987893;FR;20220412
send_order;120611;120611;30976706602;435124.635;435124.601;0.033999999985099;FR;20220412
kill_order;120611;120611;30976706602;435124.647;435124.639;0.007999999972526;FR;20220412
send_order;120611;120611;30976706698;435124.918;435124.904;0.01400000002468;FR;20220412
kill_order;120611;120611;30976706698;435124.939;435124.92;0.019000000029337;FR;20220412
send_order;120611;120611;30976706830;435125.248;435125.21;0.038000000000466;FR;20220412
kill_order;120611;120611;30976706830;435125.266;435125.251;0.01500000001397;FR;20220412
send_order;120612;120612;30976707060;435125.532;435125.519;0.01300000003539;FR;20220412
kill_order;120612;120612;30976707060;435125.55;435125.535;0.01500000001397;FR;20220412
send_order;120612;120612;30976707140;435125.838;435125.825;0.012999999977183;FR;20220412
kill_order;120612;120612;30976707140;435125.86;435125.841;0.018999999971129;FR;20220412
send_order;120612;120612;30976707360;435126.144;435126.13;0.013999999966472;FR;20220412
kill_order;120612;120612;30976707360;435126.157;435126.147;0.010000000009313;FR;20220412
send_order;120612;120612;30976707556;435126.449;435126.434;0.01500000001397;FR;20220412
kill_order;120612;120612;30976707556;435126.469;435126.452;0.016999999992549;FR;20220412
send_order;120613;120613;30976707641;435126.773;435126.74;0.032999999995809;FR;20220412
kill_order;120613;120613;30976707641;435126.788;435126.777;0.010999999998603;FR;20220412
send_order;120613;120613;30976707767;435127.076;435127.042;0.033999999985099;FR;20220412
kill_order;120613;120613;30976707767;435127.087;435127.079;0.007999999972526;FR;20220412
send_order;120613;120613;30976707885;435127.357;435127.345;0.0120000000461;FR;20220412
kill_order;120613;120613;30976707885;435127.384;435127.359;0.025000000023283;FR;20220412
send_order;120614;120614;30976708066;435127.664;435127.652;0.011999999987893;FR;20220412
kill_order;120614;120614;30976708066;435127.69;435127.667;0.022999999986496;FR;20220412
send_order;120614;120614;30976708156;435127.971;435127.958;0.01300000003539;FR;20220412
kill_order;120614;120614;30976708156;435127.989;435127.974;0.01500000001397;FR;20220412
send_order;120614;120614;30976708345;435128.276;435128.264;0.011999999987893;FR;20220412
kill_order;120614;120614;30976708345;435128.313;435128.279;0.034000000043306;FR;20220412
send_order;120615;120615;30976708557;435128.589;435128.576;0.012999999977183;FR;20220412
kill_order;120615;120615;30976708557;435128.61;435128.592;0.017999999981839;FR;20220412
send_order;120615;120615;30976708645;435128.916;435128.882;0.034000000043306;FR;20220412
kill_order;120615;120615;30976708645;435128.931;435128.919;0.011999999987893;FR;20220412
send_order;120615;120615;30976708852;435129.202;435129.187;0.01500000001397;FR;20220412
kill_order;120615;120615;30976708852;435129.219;435129.205;0.013999999966472;FR;20220412
send_order;120615;120615;30976709091;435129.506;435129.493;0.012999999977183;FR;20220412
kill_order;120615;120615;30976709091;435129.577;435129.509;0.067999999970198;FR;20220412
send_order;120616;120616;30976709232;435129.81;435129.798;0.011999999987893;FR;20220412
kill_order;120616;120616;30976709232;435129.837;435129.813;0.023999999975786;FR;20220412
send_order;120616;120616;30976709362;435130.139;435130.105;0.034000000043306;FR;20220412
kill_order;120616;120616;30976709362;435130.157;435130.142;0.01500000001397;FR;20220412
send_order;120616;120616;30976709491;435130.423;435130.41;0.01300000003539;FR;20220412
kill_order;120616;120616;30976709491;435130.446;435130.426;0.020000000018626;FR;20220412
send_order;120617;120617;30976709752;435130.728;435130.717;0.010999999998603;FR;20220412
kill_order;120617;120617;30976709752;435130.756;435130.731;0.024999999965075;FR;20220412
send_order;120617;120617;30976709864;435131.036;435131.024;0.0120000000461;FR;20220412
kill_order;120617;120617;30976709864;435131.063;435131.039;0.024000000033993;FR;20220412
send_order;120617;120617;30976709992;435131.343;435131.331;0.011999999987893;FR;20220412
kill_order;120617;120617;30976709992;435131.366;435131.346;0.019999999960419;FR;20220412
send_order;120618;120618;30976710184;435131.649;435131.636;0.012999999977183;FR;20220412
kill_order;120618;120618;30976710184;435131.688;435131.652;0.036000000021886;FR;20220412
send_order;120618;120618;30976710359;435131.953;435131.941;0.011999999987893;FR;20220412
kill_order;120618;120618;30976710359;435131.976;435131.957;0.019000000029337;FR;20220412
send_order;120618;120618;30976710481;435132.258;435132.247;0.010999999998603;FR;20220412
kill_order;120618;120618;30976710481;435132.286;435132.261;0.025000000023283;FR;20220412
send_order;120619;120619;30976710724;435132.589;435132.555;0.033999999985099;FR;20220412
kill_order;120619;120619;30976710724;435132.623;435132.592;0.031000000017229;FR;20220412
send_order;120619;120619;30976710896;435132.874;435132.86;0.01400000002468;FR;20220412
kill_order;120619;120619;30976710896;435132.891;435132.877;0.01400000002468;FR;20220412
send_order;120619;120619;30976710980;435133.178;435133.165;0.01300000003539;FR;20220412
kill_order;120619;120619;30976710980;435133.218;435133.181;0.037000000011176;FR;20220412
send_order;120619;120619;30976711175;435133.515;435133.472;0.043000000005122;FR;20220412
kill_order;120619;120619;30976711175;435133.528;435133.519;0.0090000000200234;FR;20220412
send_order;120620;120620;30976711320;435133.796;435133.784;0.011999999987893;FR;20220412
kill_order;120620;120620;30976711320;435133.814;435133.799;0.01500000001397;FR;20220412
send_order;120620;120620;30976711418;435134.099;435134.086;0.012999999977183;FR;20220412
kill_order;120620;120620;30976711418;435134.139;435134.102;0.037000000011176;FR;20220412
send_order;120620;120620;30976711510;435134.405;435134.392;0.01300000003539;FR;20220412
kill_order;120620;120620;30976711510;435134.427;435134.408;0.019000000029337;FR;20220412
send_order;120621;120621;30976711676;435134.711;435134.699;0.011999999987893;FR;20220412
kill_order;120621;120621;30976711676;435134.737;435134.714;0.023000000044703;FR;20220412
send_order;120621;120621;30976711755;435135.019;435135.005;0.013999999966472;FR;20220412
kill_order;120621;120621;30976711755;435135.059;435135.022;0.037000000011176;FR;20220412
send_order;120621;120621;30976711877;435135.323;435135.312;0.010999999998603;FR;20220412
kill_order;120621;120621;30976711877;435135.377;435135.326;0.050999999977648;FR;20220412
send_order;120622;120622;30976712022;435135.629;435135.614;0.01500000001397;FR;20220412
kill_order;120622;120622;30976712022;435135.69;435135.633;0.057000000029802;FR;20220412
send_order;120622;120622;30976712147;435135.941;435135.927;0.013999999966472;FR;20220412
kill_order;120622;120622;30976712147;435135.953;435135.944;0.0089999999618158;FR;20220412
send_order;120622;120622;30976712230;435136.244;435136.231;0.012999999977183;FR;20220412
kill_order;120622;120622;30976712230;435136.267;435136.247;0.020000000018626;FR;20220412
send_order;120623;120623;30976712407;435136.549;435136.537;0.011999999987893;FR;20220412
kill_order;120623;120623;30976712407;435136.576;435136.552;0.023999999975786;FR;20220412
send_order;120623;120623;30976712528;435136.857;435136.845;0.0120000000461;FR;20220412
kill_order;120623;120623;30976712528;435136.876;435136.86;0.01600000000326;FR;20220412
send_order;120623;120623;30976712646;435137.184;435137.15;0.033999999985099;FR;20220412
kill_order;120623;120623;30976712646;435137.196;435137.188;0.007999999972526;FR;20220412
send_order;120623;120623;30976712769;435137.464;435137.452;0.011999999987893;FR;20220412
kill_order;120623;120623;30976712769;435137.491;435137.467;0.023999999975786;FR;20220412
send_order;120624;120624;30976712908;435137.771;435137.759;0.011999999987893;FR;20220412
kill_order;120624;120624;30976712908;435137.798;435137.774;0.024000000033993;FR;20220412
send_order;120624;120624;30976713012;435138.079;435138.066;0.01300000003539;FR;20220412
kill_order;120624;120624;30976713012;435138.1;435138.082;0.017999999981839;FR;20220412
send_order;120624;120624;30976713109;435138.386;435138.372;0.01400000002468;FR;20220412
kill_order;120624;120624;30976713109;435138.399;435138.389;0.0099999999511056;FR;20220412
send_order;120625;120625;30976713235;435138.7;435138.688;0.011999999987893;FR;20220412
kill_order;120625;120625;30976713235;435138.727;435138.703;0.024000000033993;FR;20220412
send_order;120625;120625;30976713337;435139.009;435138.995;0.01400000002468;FR;20220412
kill_order;120625;120625;30976713337;435139.064;435139.012;0.052000000025146;FR;20220412
send_order;120625;120625;30976713432;435139.315;435139.301;0.01400000002468;FR;20220412
kill_order;120625;120625;30976713432;435139.354;435139.319;0.034999999974389;FR;20220412
send_order;120626;120626;30976713600;435139.619;435139.607;0.011999999987893;FR;20220412
kill_order;120626;120626;30976713600;435139.659;435139.622;0.037000000011176;FR;20220412
send_order;120626;120626;30976713720;435139.948;435139.914;0.033999999985099;FR;20220412
kill_order;120626;120626;30976713720;435139.982;435139.952;0.03000000002794;FR;20220412
send_order;120626;120626;30976713807;435140.274;435140.227;0.046999999962281;FR;20220412
kill_order;120626;120626;30976713807;435140.296;435140.278;0.017999999981839;FR;20220412
send_order;120627;120627;30976713931;435140.56;435140.539;0.021000000007916;FR;20220412
kill_order;120627;120627;30976713931;435140.594;435140.563;0.030999999959022;FR;20220412
send_order;120627;120627;30976714072;435140.859;435140.847;0.011999999987893;FR;20220412
kill_order;120627;120627;30976714072;435140.88;435140.862;0.017999999981839;FR;20220412
send_order;120627;120627;30976714174;435141.163;435141.151;0.011999999987893;FR;20220412
kill_order;120627;120627;30976714174;435141.186;435141.167;0.018999999971129;FR;20220412
send_order;120627;120627;30976714272;435141.47;435141.457;0.012999999977183;FR;20220412
kill_order;120627;120627;30976714272;435141.489;435141.473;0.01600000000326;FR;20220412
send_order;120628;120628;30976714422;435141.772;435141.76;0.011999999987893;FR;20220412
kill_order;120628;120628;30976714422;435141.799;435141.775;0.023999999975786;FR;20220412
send_order;120628;120628;30976714509;435142.08;435142.067;0.01300000003539;FR;20220412
kill_order;120628;120628;30976714509;435142.098;435142.083;0.01500000001397;FR;20220412
send_order;120628;120628;30976714598;435142.384;435142.373;0.010999999998603;FR;20220412
kill_order;120628;120628;30976714598;435142.402;435142.387;0.01500000001397;FR;20220412
send_order;120629;120629;30976714782;435142.715;435142.681;0.034000000043306;FR;20220412
kill_order;120629;120629;30976714782;435142.749;435142.718;0.031000000017229;FR;20220412
send_order;120629;120629;30976714911;435142.998;435142.986;0.0120000000461;FR;20220412
kill_order;120629;120629;30976714911;435143.018;435143.001;0.016999999992549;FR;20220412
send_order;120629;120629;30976715002;435143.325;435143.291;0.033999999985099;FR;20220412
kill_order;120629;120629;30976715002;435143.359;435143.328;0.031000000017229;FR;20220412
send_order;120630;120630;30976715178;435143.611;435143.598;0.012999999977183;FR;20220412
kill_order;120630;120630;30976715178;435143.629;435143.614;0.01500000001397;FR;20220412
send_order;120630;120630;30976715358;435143.913;435143.901;0.011999999987893;FR;20220412
kill_order;120630;120630;30976715358;435143.939;435143.916;0.022999999986496;FR;20220412
send_order;120630;120630;30976715472;435144.221;435144.207;0.01400000002468;FR;20220412
kill_order;120630;120630;30976715472;435144.237;435144.224;0.01300000003539;FR;20220412
send_order;120630;120630;30976715638;435144.524;435144.51;0.013999999966472;FR;20220412
kill_order;120630;120630;30976715638;435144.578;435144.527;0.050999999977648;FR;20220412
send_order;120631;120631;30976715822;435144.864;435144.826;0.038000000000466;FR;20220412
kill_order;120631;120631;30976715822;435144.877;435144.868;0.0089999999618158;FR;20220412
send_order;120631;120631;30976715952;435145.167;435145.133;0.034000000043306;FR;20220412
kill_order;120631;120631;30976715952;435145.201;435145.17;0.031000000017229;FR;20220412
send_order;120631;120631;30976716096;435145.45;435145.438;0.011999999987893;FR;20220412
kill_order;120631;120631;30976716096;435145.48;435145.453;0.027000000001863;FR;20220412
send_order;120632;120632;30976716284;435145.761;435145.748;0.012999999977183;FR;20220412
kill_order;120632;120632;30976716284;435145.783;435145.764;0.018999999971129;FR;20220412
send_order;120632;120632;30976716391;435146.064;435146.052;0.011999999987893;FR;20220412
kill_order;120632;120632;30976716391;435146.091;435146.067;0.024000000033993;FR;20220412
send_order;120632;120632;30976716489;435146.372;435146.359;0.012999999977183;FR;20220412
kill_order;120632;120632;30976716489;435146.394;435146.374;0.019999999960419;FR;20220412
send_order;120633;120633;30976716739;435146.676;435146.664;0.011999999987893;FR;20220412
kill_order;120633;120633;30976716739;435146.702;435146.679;0.022999999986496;FR;20220412
send_order;120633;120633;30976717056;435146.983;435146.971;0.011999999987893;FR;20220412
kill_order;120633;120633;30976717056;435147.0;435146.986;0.01400000002468;FR;20220412
send_order;120633;120633;30976717176;435147.285;435147.273;0.011999999987893;FR;20220412
kill_order;120633;120633;30976717176;435147.311;435147.288;0.022999999986496;FR;20220412
send_order;120634;120634;30976717330;435147.608;435147.575;0.032999999995809;FR;20220412
kill_order;120634;120634;30976717330;435147.624;435147.612;0.011999999987893;FR;20220412
send_order;120634;120634;30976717515;435147.903;435147.89;0.012999999977183;FR;20220412
kill_order;120634;120634;30976717515;435147.923;435147.906;0.016999999992549;FR;20220412
send_order;120634;120634;30976717623;435148.23;435148.196;0.033999999985099;FR;20220412
kill_order;120634;120634;30976717623;435148.264;435148.233;0.031000000017229;FR;20220412
send_order;120634;120634;30976717731;435148.513;435148.5;0.012999999977183;FR;20220412
kill_order;120634;120634;30976717731;435148.531;435148.515;0.01600000000326;FR;20220412
send_order;120635;120635;30976717929;435148.816;435148.804;0.011999999987893;FR;20220412
kill_order;120635;120635;30976717929;435148.843;435148.819;0.023999999975786;FR;20220412
send_order;120635;120635;30976718027;435149.123;435149.111;0.0120000000461;FR;20220412
kill_order;120635;120635;30976718027;435149.15;435149.126;0.024000000033993;FR;20220412
send_order;120635;120635;30976718141;435149.43;435149.418;0.011999999987893;FR;20220412
kill_order;120635;120635;30976718141;435149.457;435149.433;0.023999999975786;FR;20220412
send_order;120636;120636;30976718372;435149.736;435149.725;0.010999999998603;FR;20220412
kill_order;120636;120636;30976718372;435149.764;435149.739;0.025000000023283;FR;20220412
send_order;120636;120636;30976718481;435150.046;435150.032;0.013999999966472;FR;20220412
kill_order;120636;120636;30976718481;435150.064;435150.05;0.01400000002468;FR;20220412
send_order;120636;120636;30976718558;435150.351;435150.338;0.01300000003539;FR;20220412
kill_order;120636;120636;30976718558;435150.375;435150.355;0.020000000018626;FR;20220412
send_order;120637;120637;30976718734;435150.656;435150.644;0.0120000000461;FR;20220412
kill_order;120637;120637;30976718734;435150.684;435150.659;0.025000000023283;FR;20220412
send_order;120637;120637;30976718889;435150.964;435150.952;0.011999999987893;FR;20220412
kill_order;120637;120637;30976718889;435151.004;435150.967;0.037000000011176;FR;20220412
send_order;120637;120637;30976719025;435151.291;435151.257;0.034000000043306;FR;20220412
kill_order;120637;120637;30976719025;435151.304;435151.295;0.0090000000200234;FR;20220412
send_order;120638;120638;30976719140;435151.575;435151.563;0.011999999987893;FR;20220412
kill_order;120638;120638;30976719140;435151.601;435151.578;0.023000000044703;FR;20220412
send_order;120638;120638;30976719326;435151.903;435151.869;0.033999999985099;FR;20220412
kill_order;120638;120638;30976719326;435151.937;435151.907;0.029999999969732;FR;20220412
send_order;120638;120638;30976719460;435152.187;435152.174;0.012999999977183;FR;20220412
kill_order;120638;120638;30976719460;435152.208;435152.19;0.017999999981839;FR;20220412
send_order;120638;120638;30976719578;435152.514;435152.48;0.034000000043306;FR;20220412
kill_order;120638;120638;30976719578;435152.527;435152.518;0.0090000000200234;FR;20220412
send_order;120639;120639;30976719768;435152.798;435152.786;0.011999999987893;FR;20220412
kill_order;120639;120639;30976719768;435152.818;435152.801;0.017000000050757;FR;20220412
send_order;120639;120639;30976719900;435153.106;435153.092;0.01400000002468;FR;20220412
kill_order;120639;120639;30976719900;435153.126;435153.109;0.016999999992549;FR;20220412
send_order;120639;120639;30976720031;435153.41;435153.398;0.011999999987893;FR;20220412
kill_order;120639;120639;30976720031;435153.436;435153.413;0.022999999986496;FR;20220412
send_order;120640;120640;30976720229;435153.715;435153.703;0.0120000000461;FR;20220412
kill_order;120640;120640;30976720229;435153.741;435153.717;0.023999999975786;FR;20220412
send_order;120640;120640;30976720349;435154.043;435154.009;0.033999999985099;FR;20220412
kill_order;120640;120640;30976720349;435154.077;435154.047;0.029999999969732;FR;20220412
send_order;120640;120640;30976720491;435154.411;435154.314;0.097000000008848;FR;20220412
kill_order;120640;120640;30976720491;435154.426;435154.414;0.011999999987893;FR;20220412
send_order;120641;120641;30976721041;435154.653;435154.619;0.033999999985099;FR;20220412
kill_order;120641;120641;30976721041;435154.665;435154.657;0.007999999972526;FR;20220412
send_order;120641;120641;30976721350;435154.935;435154.921;0.01400000002468;FR;20220412
kill_order;120641;120641;30976721350;435154.954;435154.938;0.01600000000326;FR;20220412
send_order;120641;120641;30976721473;435155.239;435155.227;0.011999999987893;FR;20220412
kill_order;120641;120641;30976721473;435155.257;435155.242;0.014999999955762;FR;20220412
send_order;120641;120641;30976721589;435155.545;435155.529;0.01600000000326;FR;20220412
kill_order;120641;120642;30976721589;435155.563;435155.548;0.01500000001397;FR;20220412
send_order;120642;120642;30976721817;435155.849;435155.835;0.013999999966472;FR;20220412
kill_order;120642;120642;30976721817;435155.86;435155.852;0.007999999972526;FR;20220412
send_order;120642;120642;30976721969;435156.151;435156.138;0.01300000003539;FR;20220412
kill_order;120642;120642;30976721969;435156.172;435156.155;0.016999999992549;FR;20220412
send_order;120642;120642;30976722068;435156.459;435156.444;0.014999999955762;FR;20220412
kill_order;120642;120642;30976722068;435156.497;435156.462;0.034999999974389;FR;20220412
send_order;120643;120643;30976722286;435156.763;435156.75;0.012999999977183;FR;20220412
kill_order;120643;120643;30976722286;435156.786;435156.767;0.019000000029337;FR;20220412
send_order;120643;120643;30976722393;435157.09;435157.056;0.034000000043306;FR;20220412
kill_order;120643;120643;30976722393;435157.124;435157.094;0.03000000002794;FR;20220412
send_order;120643;120643;30976722507;435157.375;435157.361;0.01400000002468;FR;20220412
kill_order;120643;120643;30976722507;435157.391;435157.378;0.012999999977183;FR;20220412
send_order;120644;120644;30976722679;435157.676;435157.664;0.011999999987893;FR;20220412
kill_order;120644;120644;30976722679;435157.7;435157.678;0.021999999997206;FR;20220412
send_order;120644;120644;30976722852;435157.993;435157.98;0.01300000003539;FR;20220412
kill_order;120644;120644;30976722852;435158.016;435157.996;0.020000000018626;FR;20220412
send_order;120644;120644;30976722979;435158.3;435158.286;0.013999999966472;FR;20220412
kill_order;120644;120644;30976722979;435158.319;435158.304;0.01500000001397;FR;20220412
send_order;120645;120645;30976723102;435158.605;435158.593;0.011999999987893;FR;20220412
kill_order;120645;120645;30976723102;435158.658;435158.607;0.050999999977648;FR;20220412
send_order;120645;120645;30976723285;435158.909;435158.895;0.013999999966472;FR;20220412
kill_order;120645;120645;30976723285;435158.926;435158.912;0.013999999966472;FR;20220412
send_order;120645;120645;30976723425;435159.211;435159.198;0.01300000003539;FR;20220412
kill_order;120645;120645;30976723425;435159.251;435159.214;0.037000000011176;FR;20220412
send_order;120645;120645;30976723542;435159.514;435159.503;0.010999999998603;FR;20220412
kill_order;120645;120645;30976723542;435159.543;435159.517;0.026000000012573;FR;20220412
send_order;120646;120646;30976723826;435159.825;435159.811;0.01400000002468;FR;20220412
kill_order;120646;120646;30976723826;435159.846;435159.828;0.018000000040047;FR;20220412
send_order;120646;120646;30976724372;435160.129;435160.117;0.011999999987893;FR;20220412
kill_order;120646;120646;30976724372;435160.156;435160.132;0.024000000033993;FR;20220412
send_order;120646;120646;30976724475;435160.437;435160.424;0.012999999977183;FR;20220412
kill_order;120646;120646;30976724475;435160.46;435160.44;0.020000000018626;FR;20220412
send_order;120647;120647;30976724635;435160.744;435160.731;0.012999999977183;FR;20220412
kill_order;120647;120647;30976724635;435160.77;435160.747;0.023000000044703;FR;20220412
send_order;120647;120647;30976724821;435161.05;435161.038;0.011999999987893;FR;20220412
kill_order;120647;120647;30976724821;435161.076;435161.052;0.023999999975786;FR;20220412
send_order;120647;120647;30976724996;435161.357;435161.345;0.0120000000461;FR;20220412
kill_order;120647;120647;30976724996;435161.375;435161.36;0.01500000001397;FR;20220412
send_order;120648;120648;30976725136;435161.684;435161.65;0.033999999985099;FR;20220412
kill_order;120648;120648;30976725136;435161.718;435161.687;0.031000000017229;FR;20220412
send_order;120648;120648;30976725360;435161.967;435161.955;0.011999999987893;FR;20220412
kill_order;120648;120648;30976725360;435161.994;435161.97;0.024000000033993;FR;20220412
send_order;120648;120648;30976725485;435162.274;435162.262;0.011999999987893;FR;20220412
kill_order;120648;120648;30976725485;435162.298;435162.278;0.020000000018626;FR;20220412
send_order;120649;120649;30976725713;435162.633;435162.568;0.064999999944121;FR;20220412
kill_order;120649;120649;30976725713;435162.649;435162.637;0.011999999987893;FR;20220412
send_order;120649;120649;30976726106;435162.906;435162.872;0.034000000043306;FR;20220412
kill_order;120649;120649;30976726106;435162.919;435162.91;0.0090000000200234;FR;20220412
send_order;120649;120649;30976726404;435163.191;435163.177;0.013999999966472;FR;20220412
kill_order;120649;120649;30976726404;435163.23;435163.194;0.035999999963678;FR;20220412
send_order;120649;120649;30976726636;435163.495;435163.483;0.011999999987893;FR;20220412
kill_order;120649;120649;30976726636;435163.532;435163.498;0.033999999985099;FR;20220412
send_order;120650;120650;30976726837;435163.812;435163.8;0.011999999987893;FR;20220412
kill_order;120650;120650;30976726837;435163.833;435163.815;0.017999999981839;FR;20220412
send_order;120650;120650;30976727327;435164.139;435164.106;0.032999999995809;FR;20220412
kill_order;120650;120650;30976727327;435164.189;435164.143;0.046000000031199;FR;20220412
send_order;120650;120650;30976727514;435164.424;435164.411;0.012999999977183;FR;20220412
kill_order;120650;120650;30976727514;435164.44;435164.427;0.012999999977183;FR;20220412
send_order;120651;120651;30976727700;435164.729;435164.717;0.011999999987893;FR;20220412
kill_order;120651;120651;30976727700;435164.75;435164.732;0.017999999981839;FR;20220412
send_order;120651;120651;30976727919;435165.034;435165.022;0.011999999987893;FR;20220412
kill_order;120651;120651;30976727919;435165.054;435165.037;0.016999999992549;FR;20220412
send_order;120651;120651;30976728140;435165.348;435165.337;0.010999999998603;FR;20220412
kill_order;120651;120651;30976728140;435165.375;435165.351;0.023999999975786;FR;20220412
send_order;120652;120652;30976728313;435165.657;435165.639;0.017999999981839;FR;20220412
kill_order;120652;120652;30976728313;435165.692;435165.66;0.032000000006519;FR;20220412
send_order;120652;120652;30976728518;435165.957;435165.945;0.011999999987893;FR;20220412
kill_order;120652;120652;30976728518;435165.983;435165.96;0.022999999986496;FR;20220412
send_order;120652;120652;30976728712;435166.264;435166.252;0.0120000000461;FR;20220412
kill_order;120652;120652;30976728712;435166.286;435166.268;0.018000000040047;FR;20220412
send_order;120653;120653;30976728909;435166.591;435166.558;0.032999999995809;FR;20220412
kill_order;120653;120653;30976728909;435166.625;435166.595;0.03000000002794;FR;20220412
send_order;120653;120653;30976729114;435166.879;435166.863;0.01600000000326;FR;20220412
kill_order;120653;120653;30976729114;435166.931;435166.883;0.048000000009779;FR;20220412
send_order;120653;120653;30976729421;435167.181;435167.168;0.012999999977183;FR;20220412
kill_order;120653;120653;30976729421;435167.205;435167.184;0.021000000007916;FR;20220412
send_order;120653;120653;30976729541;435167.486;435167.474;0.011999999987893;FR;20220412
kill_order;120653;120653;30976729541;435167.512;435167.489;0.022999999986496;FR;20220412
send_order;120654;120654;30976729692;435167.794;435167.781;0.012999999977183;FR;20220412
kill_order;120654;120654;30976729692;435167.82;435167.797;0.022999999986496;FR;20220412
send_order;120654;120654;30976729932;435168.122;435168.089;0.032999999995809;FR;20220412
kill_order;120654;120654;30976729932;435168.141;435168.126;0.01500000001397;FR;20220412
send_order;120654;120654;30976730123;435168.406;435168.394;0.0120000000461;FR;20220412
kill_order;120654;120654;30976730123;435168.432;435168.409;0.022999999986496;FR;20220412
send_order;120655;120655;30976730254;435168.715;435168.701;0.01400000002468;FR;20220412
kill_order;120655;120655;30976730254;435168.735;435168.718;0.016999999992549;FR;20220412
send_order;120655;120655;30976730493;435169.02;435169.007;0.01300000003539;FR;20220412
kill_order;120655;120655;30976730493;435169.041;435169.023;0.018000000040047;FR;20220412
send_order;120655;120655;30976730614;435169.328;435169.314;0.013999999966472;FR;20220412
kill_order;120655;120655;30976730614;435169.34;435169.331;0.0090000000200234;FR;20220412
send_order;120656;120656;30976730724;435169.63;435169.616;0.01400000002468;FR;20220412
kill_order;120656;120656;30976730724;435169.671;435169.637;0.033999999985099;FR;20220412
send_order;120656;120656;30976730914;435169.939;435169.924;0.01500000001397;FR;20220412
kill_order;120656;120656;30976730914;435169.951;435169.944;0.0069999999832362;FR;20220412
send_order;120656;120656;30976731107;435170.261;435170.227;0.033999999985099;FR;20220412
kill_order;120656;120656;30976731107;435170.299;435170.264;0.034999999974389;FR;20220412
send_order;120656;120656;30976731230;435170.551;435170.536;0.014999999955762;FR;20220412
kill_order;120656;120656;30976731230;435170.591;435170.558;0.032999999995809;FR;20220412
send_order;120657;120657;30976731337;435170.861;435170.845;0.01600000000326;FR;20220412
kill_order;120657;120657;30976731337;435170.874;435170.865;0.0090000000200234;FR;20220412
send_order;120657;120657;30976731570;435171.185;435171.151;0.033999999985099;FR;20220412
kill_order;120657;120657;30976731570;435171.196;435171.189;0.0069999999832362;FR;20220412
send_order;120657;120657;30976731729;435171.485;435171.467;0.017999999981839;FR;20220412
kill_order;120657;120657;30976731729;435171.497;435171.489;0.007999999972526;FR;20220412
send_order;120658;120658;30976731953;435171.787;435171.774;0.01300000003539;FR;20220412
kill_order;120658;120658;30976731953;435171.827;435171.79;0.037000000011176;FR;20220412
send_order;120658;120658;30976732176;435172.091;435172.077;0.01400000002468;FR;20220412
kill_order;120658;120658;30976732176;435172.112;435172.094;0.018000000040047;FR;20220412
send_order;120658;120658;30976732371;435172.398;435172.384;0.013999999966472;FR;20220412
kill_order;120658;120658;30976732371;435172.416;435172.401;0.01500000001397;FR;20220412
send_order;120659;120659;30976732490;435172.701;435172.69;0.010999999998603;FR;20220412
kill_order;120659;120659;30976732490;435172.727;435172.703;0.024000000033993;FR;20220412
send_order;120659;120659;30976732696;435173.012;435172.999;0.012999999977183;FR;20220412
kill_order;120659;120659;30976732696;435173.051;435173.015;0.035999999963678;FR;20220412
send_order;120659;120659;30976732850;435173.317;435173.304;0.012999999977183;FR;20220412
kill_order;120659;120659;30976732850;435173.335;435173.32;0.01500000001397;FR;20220412
send_order;120700;120700;30976733062;435173.62;435173.608;0.011999999987893;FR;20220412
kill_order;120700;120700;30976733062;435173.646;435173.623;0.022999999986496;FR;20220412
send_order;120700;120700;30976733181;435173.927;435173.914;0.01300000003539;FR;20220412
kill_order;120700;120700;30976733181;435173.948;435173.93;0.017999999981839;FR;20220412
send_order;120700;120700;30976733406;435174.253;435174.22;0.033000000054017;FR;20220412
kill_order;120700;120700;30976733406;435174.266;435174.257;0.0090000000200234;FR;20220412
send_order;120700;120700;30976733579;435174.534;435174.522;0.011999999987893;FR;20220412
kill_order;120700;120700;30976733579;435174.554;435174.538;0.01600000000326;FR;20220412
send_order;120701;120701;30976733699;435174.84;435174.827;0.01300000003539;FR;20220412
kill_order;120701;120701;30976733699;435174.879;435174.844;0.035000000032596;FR;20220412
send_order;120701;120701;30976733964;435175.147;435175.132;0.01500000001397;FR;20220412
kill_order;120701;120701;30976733964;435175.163;435175.15;0.012999999977183;FR;20220412
send_order;120701;120701;30976734122;435175.45;435175.438;0.011999999987893;FR;20220412
kill_order;120701;120701;30976734122;435175.49;435175.453;0.037000000011176;FR;20220412
send_order;120702;120702;30976734225;435175.757;435175.743;0.013999999966472;FR;20220412
kill_order;120702;120702;30976734225;435175.768;435175.761;0.0069999999832362;FR;20220412
